


 STREAM LISTING     PERIOD      1   STEP        1

 LAYER ROW COL. STREAM  RCH.  FLOW INTO     FLOW TO   FLOW OUT OF   OVRLND.     DIRECT     STREAM       STREAM     STREAM     STREAM   STREAMBED  STREAMBED
                SEG.NO.  NO.  STRM. RCH.    AQUIFER    STRM. RCH.    RUNOFF     PRECIP       ET          HEAD       DEPTH      WIDTH   CONDCTNC.   GRADIENT

   1   56   47     1     1    1.9010E+06  1.2323E+04   1.8887E+06  0.000E+00  0.000E+00  0.000E+00  4.71418E+03  7.088E-01  1.300E+01  7.212E+03  1.709E+00
   1   56   46     1     2    1.8887E+06  1.2303E+04   1.8764E+06  0.000E+00  0.000E+00  0.000E+00  4.71012E+03  7.060E-01  1.300E+01  7.212E+03  1.706E+00
   1   55   46     1     3    1.8764E+06  1.2283E+04   1.8641E+06  0.000E+00  0.000E+00  0.000E+00  4.70607E+03  7.032E-01  1.300E+01  7.212E+03  1.703E+00
   1   55   45     1     4    1.8641E+06  1.2263E+04   1.8518E+06  0.000E+00  0.000E+00  0.000E+00  4.70201E+03  7.005E-01  1.300E+01  7.212E+03  1.700E+00
   1   54   45     1     5    1.8518E+06  1.2243E+04   1.8396E+06  0.000E+00  0.000E+00  0.000E+00  4.69795E+03  6.977E-01  1.300E+01  7.212E+03  1.698E+00
   1   54   44     1     6    1.8396E+06  1.2223E+04   1.8274E+06  0.000E+00  0.000E+00  0.000E+00  4.69389E+03  6.949E-01  1.300E+01  7.212E+03  1.695E+00
   1   53   44     1     7    1.8274E+06  1.2203E+04   1.8152E+06  0.000E+00  0.000E+00  0.000E+00  4.68983E+03  6.921E-01  1.300E+01  7.212E+03  1.692E+00
   1   53   43     1     8    1.8152E+06  1.2183E+04   1.8030E+06  0.000E+00  0.000E+00  0.000E+00  4.68578E+03  6.893E-01  1.300E+01  7.212E+03  1.689E+00
   1   53   42     1     9    1.8030E+06  1.2163E+04   1.7908E+06  0.000E+00  0.000E+00  0.000E+00  4.68172E+03  6.866E-01  1.300E+01  7.212E+03  1.687E+00
   1   53   41     1    10    1.7908E+06  1.2143E+04   1.7787E+06  0.000E+00  0.000E+00  0.000E+00  4.67766E+03  6.838E-01  1.300E+01  7.212E+03  1.684E+00
   1   52   41     1    11    1.7787E+06  1.2123E+04   1.7665E+06  0.000E+00  0.000E+00  0.000E+00  4.67360E+03  6.810E-01  1.300E+01  7.212E+03  1.681E+00
   1   51   41     1    12    1.7665E+06  1.2103E+04   1.7544E+06  0.000E+00  0.000E+00  0.000E+00  4.66955E+03  6.782E-01  1.300E+01  7.212E+03  1.678E+00
   1   51   40     1    13    1.7544E+06  1.2082E+04   1.7424E+06  0.000E+00  0.000E+00  0.000E+00  4.66549E+03  6.754E-01  1.300E+01  7.212E+03  1.675E+00
   1   50   40     1    14    1.7424E+06  1.2062E+04   1.7303E+06  0.000E+00  0.000E+00  0.000E+00  4.66143E+03  6.726E-01  1.300E+01  7.212E+03  1.673E+00
   1   50   39     1    15    1.7303E+06  1.2042E+04   1.7183E+06  0.000E+00  0.000E+00  0.000E+00  4.65737E+03  6.698E-01  1.300E+01  7.212E+03  1.670E+00
   1   50   38     1    16    1.7183E+06  1.2022E+04   1.7062E+06  0.000E+00  0.000E+00  0.000E+00  4.65331E+03  6.670E-01  1.300E+01  7.212E+03  1.667E+00
   1   49   38     1    17    1.7062E+06  1.2001E+04   1.6942E+06  0.000E+00  0.000E+00  0.000E+00  4.64926E+03  6.642E-01  1.300E+01  7.212E+03  1.664E+00
   1   49   39     1    18    1.6942E+06  1.1981E+04   1.6823E+06  0.000E+00  0.000E+00  0.000E+00  4.64520E+03  6.613E-01  1.300E+01  7.212E+03  1.661E+00
   1   48   39     1    19    1.6823E+06  1.1961E+04   1.6703E+06  0.000E+00  0.000E+00  0.000E+00  4.64114E+03  6.585E-01  1.300E+01  7.212E+03  1.659E+00
   1   47   39     1    20    1.6703E+06  1.1941E+04   1.6584E+06  0.000E+00  0.000E+00  0.000E+00  4.63708E+03  6.557E-01  1.300E+01  7.212E+03  1.656E+00
   1   47   38     2     1    9.4123E+05  7.5172E+03   9.3371E+05  0.000E+00  0.000E+00  0.000E+00  4.62776E+03  4.761E-01  1.300E+01  5.093E+03  1.476E+00
   1   47   37     2     2    9.3371E+05  7.5055E+03   9.2621E+05  0.000E+00  0.000E+00  0.000E+00  4.62511E+03  4.738E-01  1.300E+01  5.093E+03  1.474E+00
   1   46   37     2     3    9.2621E+05  7.4938E+03   9.1871E+05  0.000E+00  0.000E+00  0.000E+00  4.62247E+03  4.715E-01  1.300E+01  5.093E+03  1.471E+00
   1   46   36     2     4    9.1871E+05  7.4821E+03   9.1123E+05  0.000E+00  0.000E+00  0.000E+00  4.61982E+03  4.692E-01  1.300E+01  5.093E+03  1.469E+00
   1   45   36     2     5    9.1123E+05  7.4704E+03   9.0376E+05  0.000E+00  0.000E+00  0.000E+00  4.61718E+03  4.669E-01  1.300E+01  5.093E+03  1.467E+00
   1   45   35     2     6    9.0376E+05  7.4586E+03   8.9630E+05  0.000E+00  0.000E+00  0.000E+00  4.61454E+03  4.646E-01  1.300E+01  5.093E+03  1.465E+00
   1   44   35     2     7    8.9630E+05  7.4468E+03   8.8886E+05  0.000E+00  0.000E+00  0.000E+00  4.61189E+03  4.622E-01  1.300E+01  5.093E+03  1.462E+00
   1   44   34     2     8    8.8886E+05  7.4351E+03   8.8142E+05  0.000E+00  0.000E+00  0.000E+00  4.60925E+03  4.599E-01  1.300E+01  5.093E+03  1.460E+00
   1   43   34     2     9    8.8142E+05  7.4232E+03   8.7400E+05  0.000E+00  0.000E+00  0.000E+00  4.60660E+03  4.576E-01  1.300E+01  5.093E+03  1.458E+00
   1   42   34     2    10    8.7400E+05  7.4114E+03   8.6659E+05  0.000E+00  0.000E+00  0.000E+00  4.60396E+03  4.553E-01  1.300E+01  5.093E+03  1.455E+00
   1   42   33     2    11    8.6659E+05  7.3995E+03   8.5919E+05  0.000E+00  0.000E+00  0.000E+00  4.60132E+03  4.530E-01  1.300E+01  5.093E+03  1.453E+00
   1   41   33     2    12    8.5919E+05  7.3877E+03   8.5180E+05  0.000E+00  0.000E+00  0.000E+00  4.59867E+03  4.506E-01  1.300E+01  5.093E+03  1.451E+00
   1   42   32     3     1    7.1712E+05  0.0000E+00   7.1712E+05  0.000E+00  0.000E+00  0.000E+00  4.58811E+03  4.479E-01  1.300E+01  0.000E+00  1.448E+00
   1   42   31     3     2    7.1712E+05  0.0000E+00   7.1712E+05  0.000E+00  0.000E+00  0.000E+00  4.58584E+03  4.479E-01  1.300E+01  0.000E+00  1.448E+00
   1   43   31     3     3    7.1712E+05  0.0000E+00   7.1712E+05  0.000E+00  0.000E+00  0.000E+00  4.58357E+03  4.479E-01  1.300E+01  0.000E+00  3.016E-01
   1   43   30     3     4    7.1712E+05  0.0000E+00   7.1712E+05  0.000E+00  0.000E+00  0.000E+00  4.58129E+03  4.479E-01  1.300E+01  0.000E+00  4.299E-01
   1   44   30     3     5    7.1712E+05  0.0000E+00   7.1712E+05  0.000E+00  0.000E+00  0.000E+00  4.57902E+03  4.479E-01  1.300E+01  0.000E+00 -2.185E+00
   1   44   29     3     6    7.1712E+05  0.0000E+00   7.1712E+05  0.000E+00  0.000E+00  0.000E+00  4.57675E+03  4.479E-01  1.300E+01  0.000E+00 -1.746E+00
   1   44   28     3     7    7.1712E+05  0.0000E+00   7.1712E+05  0.000E+00  0.000E+00  0.000E+00  4.57447E+03  4.480E-01  1.300E+01  0.000E+00 -8.943E-01
   1   44   27     3     8    7.1712E+05  0.0000E+00   7.1712E+05  0.000E+00  0.000E+00  0.000E+00  4.57220E+03  4.478E-01  1.300E+01  0.000E+00  6.190E-02
   1   44   26     3     9    7.1712E+05  0.0000E+00   7.1712E+05  0.000E+00  0.000E+00  0.000E+00  4.56993E+03  4.479E-01  1.300E+01  0.000E+00  8.979E-01
   1   43   26     3    10    7.1712E+05  0.0000E+00   7.1712E+05  0.000E+00  0.000E+00  0.000E+00  4.56766E+03  4.480E-01  1.300E+01  0.000E+00 -8.975E-01
   1   43   25     3    11    7.1712E+05  0.0000E+00   7.1712E+05  0.000E+00  0.000E+00  0.000E+00  4.56538E+03  4.479E-01  1.300E+01  0.000E+00  1.732E-01
   1   41   32     4     1    8.5180E+05  1.7865E+04   8.3393E+05  0.000E+00  0.000E+00  0.000E+00  4.59059E+03  6.858E-01  9.000E+00  1.060E+04  1.686E+00
   1   41   31     4     2    8.3393E+05  1.7772E+04   8.1616E+05  0.000E+00  0.000E+00  0.000E+00  4.58860E+03  6.770E-01  9.000E+00  1.060E+04  1.677E+00
   1   41   30     4     3    8.1616E+05  1.7679E+04   7.9848E+05  0.000E+00  0.000E+00  0.000E+00  4.58661E+03  6.683E-01  9.000E+00  1.060E+04  1.668E+00
   1   41   29     4     4    7.9848E+05  1.7586E+04   7.8090E+05  0.000E+00  0.000E+00  0.000E+00  4.58462E+03  6.595E-01  9.000E+00  1.060E+04  1.659E+00
   1   41   28     4     5    7.8090E+05  1.7493E+04   7.6340E+05  0.000E+00  0.000E+00  0.000E+00  4.58263E+03  6.506E-01  9.000E+00  1.060E+04  1.651E+00
   1   40   28     4     6    7.6340E+05  1.7399E+04   7.4601E+05  0.000E+00  0.000E+00  0.000E+00  4.58063E+03  6.418E-01  9.000E+00  1.060E+04  1.642E+00
   1   40   27     5     1    5.0322E+05  6.1324E+03   4.9709E+05  0.000E+00  0.000E+00  0.000E+00  4.57419E+03  5.492E-01  7.000E+00  3.958E+03  1.549E+00
   1   40   26     5     2    4.9709E+05  6.1164E+03   4.9097E+05  0.000E+00  0.000E+00  0.000E+00  4.57186E+03  5.451E-01  7.000E+00  3.958E+03  1.545E+00
   1   39   26     5     3    4.9097E+05  6.1004E+03   4.8487E+05  0.000E+00  0.000E+00  0.000E+00  4.56953E+03  5.411E-01  7.000E+00  3.958E+03  1.541E+00
   1   39   25     5     4    4.8487E+05  6.0843E+03   4.7879E+05  0.000E+00  0.000E+00  0.000E+00  4.56720E+03  5.370E-01  7.000E+00  3.958E+03  1.537E+00
   1   38   25     6     1    2.4278E+05  0.0000E+00   2.4278E+05  0.000E+00  0.000E+00  0.000E+00  4.58027E+03  2.363E-01  1.600E+01  0.000E+00  1.236E+00
   1   37   25     6     2    2.4278E+05  0.0000E+00   2.4278E+05  0.000E+00  0.000E+00  0.000E+00  4.57893E+03  2.363E-01  1.600E+01  0.000E+00  1.236E+00
   1   37   24     6     3    2.4278E+05  0.0000E+00   2.4278E+05  0.000E+00  0.000E+00  0.000E+00  4.57760E+03  2.363E-01  1.600E+01  0.000E+00  1.236E+00
   1   36   24     6     4    2.4278E+05  0.0000E+00   2.4278E+05  0.000E+00  0.000E+00  0.000E+00  4.57626E+03  2.363E-01  1.600E+01  0.000E+00  1.236E+00
   1   36   25     6     5    2.4278E+05  0.0000E+00   2.4278E+05  0.000E+00  0.000E+00  0.000E+00  4.57492E+03  2.363E-01  1.600E+01  0.000E+00  1.236E+00
   1   35   25     6     6    2.4278E+05  0.0000E+00   2.4278E+05  0.000E+00  0.000E+00  0.000E+00  4.57359E+03  2.363E-01  1.600E+01  0.000E+00  1.236E+00
   1   34   25     6     7    2.4278E+05  0.0000E+00   2.4278E+05  0.000E+00  0.000E+00  0.000E+00  4.57225E+03  2.363E-01  1.600E+01  0.000E+00  1.236E+00
   1   34   26     6     8    2.4278E+05  0.0000E+00   2.4278E+05  0.000E+00  0.000E+00  0.000E+00  4.57092E+03  2.363E-01  1.600E+01  0.000E+00  1.236E+00
   1   33   26     6     9    2.4278E+05  0.0000E+00   2.4278E+05  0.000E+00  0.000E+00  0.000E+00  4.56958E+03  2.363E-01  1.600E+01  0.000E+00  1.236E+00
   1   33   27     6    10    2.4278E+05  0.0000E+00   2.4278E+05  0.000E+00  0.000E+00  0.000E+00  4.56824E+03  2.363E-01  1.600E+01  0.000E+00  1.236E+00
   1   32   27     6    11    2.4278E+05  0.0000E+00   2.4278E+05  0.000E+00  0.000E+00  0.000E+00  4.56691E+03  2.363E-01  1.600E+01  0.000E+00  1.236E+00
   1   32   28     6    12    2.4278E+05  0.0000E+00   2.4278E+05  0.000E+00  0.000E+00  0.000E+00  4.56557E+03  2.363E-01  1.600E+01  0.000E+00  1.236E+00
   1   32   29     6    13    2.4278E+05  0.0000E+00   2.4278E+05  0.000E+00  0.000E+00  0.000E+00  4.56424E+03  2.363E-01  1.600E+01  0.000E+00  1.236E+00
   1   31   29     6    14    2.4278E+05  0.0000E+00   2.4278E+05  0.000E+00  0.000E+00  0.000E+00  4.56290E+03  2.363E-01  1.600E+01  0.000E+00  1.236E+00
   1   31   30     6    15    2.4278E+05  0.0000E+00   2.4278E+05  0.000E+00  0.000E+00  0.000E+00  4.56156E+03  2.363E-01  1.600E+01  0.000E+00  1.236E+00
   1   30   30     6    16    2.4278E+05  0.0000E+00   2.4278E+05  0.000E+00  0.000E+00  0.000E+00  4.56023E+03  2.363E-01  1.600E+01  0.000E+00  1.236E+00
   1   30   31     6    17    2.4278E+05  0.0000E+00   2.4278E+05  0.000E+00  0.000E+00  0.000E+00  4.55889E+03  2.363E-01  1.600E+01  0.000E+00  1.236E+00
   1   29   31     6    18    2.4278E+05  0.0000E+00   2.4278E+05  0.000E+00  0.000E+00  0.000E+00  4.55756E+03  2.363E-01  1.600E+01  0.000E+00  1.236E+00
   1   29   32     6    19    2.4278E+05  0.0000E+00   2.4278E+05  0.000E+00  0.000E+00  0.000E+00  4.55622E+03  2.363E-01  1.600E+01  0.000E+00  1.236E+00
   1   28   32     6    20    2.4278E+05  0.0000E+00   2.4278E+05  0.000E+00  0.000E+00  0.000E+00  4.55488E+03  2.363E-01  1.600E+01  0.000E+00  1.236E+00
   1   28   33     6    21    2.4278E+05  0.0000E+00   2.4278E+05  0.000E+00  0.000E+00  0.000E+00  4.55355E+03  2.363E-01  1.600E+01  0.000E+00  1.236E+00
   1   27   33     6    22    2.4278E+05  0.0000E+00   2.4278E+05  0.000E+00  0.000E+00  0.000E+00  4.55221E+03  2.363E-01  1.600E+01  0.000E+00  1.236E+00
   1   27   34     6    23    2.4278E+05  0.0000E+00   2.4278E+05  0.000E+00  0.000E+00  0.000E+00  4.55088E+03  2.363E-01  1.600E+01  0.000E+00  1.236E+00
   1   26   34     6    24    2.4278E+05  0.0000E+00   2.4278E+05  0.000E+00  0.000E+00  0.000E+00  4.54954E+03  2.363E-01  1.600E+01  0.000E+00  1.236E+00
   1   25   34     6    25    2.4278E+05  0.0000E+00   2.4278E+05  0.000E+00  0.000E+00  0.000E+00  4.54820E+03  2.363E-01  1.600E+01  0.000E+00  1.236E+00
   1   39   24     7     1    4.7879E+05 -7.2820E+04   5.5161E+05  0.000E+00  0.000E+00  0.000E+00  4.54462E+03  4.741E-01  1.000E+01  1.204E+04 -6.050E+00
   1   39   23     7     2    5.5161E+05 -4.7197E+04   5.9880E+05  0.000E+00  0.000E+00  0.000E+00  4.54256E+03  5.066E-01  1.000E+01  1.204E+04 -3.921E+00
   1   39   22     7     3    5.9880E+05 -2.9527E+04   6.2833E+05  0.000E+00  0.000E+00  0.000E+00  4.54048E+03  5.265E-01  1.000E+01  1.204E+04 -2.453E+00
   1   40   22     7     4    6.2833E+05 -7.7970E+04   7.0630E+05  0.000E+00  0.000E+00  0.000E+00  4.53840E+03  5.537E-01  1.000E+01  1.204E+04 -6.478E+00
   1   40   21     7     5    7.0630E+05 -5.9572E+04   7.6587E+05  0.000E+00  0.000E+00  0.000E+00  4.53634E+03  5.872E-01  1.000E+01  1.204E+04 -4.949E+00
   1   39   21     7     6    7.6587E+05 -5.2255E+04   8.1813E+05  0.000E+00  0.000E+00  0.000E+00  4.53426E+03  6.137E-01  1.000E+01  1.204E+04 -4.341E+00
   1   39   20     7     7    8.1813E+05 -4.4488E+04   8.6262E+05  0.000E+00  0.000E+00  0.000E+00  4.53219E+03  6.358E-01  1.000E+01  1.204E+04 -3.696E+00
   1   38   20     7     8    8.6262E+05 -3.0232E+03   8.6564E+05  0.000E+00  0.000E+00  0.000E+00  4.53010E+03  6.465E-01  1.000E+01  1.204E+04 -2.512E-01
   1   37   20     7     9    8.6564E+05  1.9774E+04   8.4587E+05  0.000E+00  0.000E+00  0.000E+00  4.52799E+03  6.428E-01  1.000E+01  1.204E+04  1.643E+00
   1   37   19     8     1    5.7889E+05  1.3168E+04   5.6572E+05  0.000E+00  0.000E+00  0.000E+00  4.52159E+03  4.872E-01  8.000E+00  8.854E+03  1.487E+00
   1   37   18     8     2    5.6572E+05  4.5736E+03   5.6115E+05  0.000E+00  0.000E+00  0.000E+00  4.51818E+03  4.826E-01  8.000E+00  8.854E+03  5.165E-01
   1   36   18     8     3    5.6115E+05  1.3088E+04   5.4806E+05  0.000E+00  0.000E+00  0.000E+00  4.51478E+03  4.781E-01  8.000E+00  8.854E+03  1.478E+00
   1   36   17     8     4    5.4806E+05  1.3027E+04   5.3503E+05  0.000E+00  0.000E+00  0.000E+00  4.51137E+03  4.713E-01  8.000E+00  8.854E+03  1.471E+00
   1   36   16     8     5    5.3503E+05  1.2967E+04   5.2207E+05  0.000E+00  0.000E+00  0.000E+00  4.50796E+03  4.645E-01  8.000E+00  8.854E+03  1.464E+00
   1   35   18     9     1    2.6698E+05  0.0000E+00   2.6698E+05  0.000E+00  0.000E+00  0.000E+00  4.52627E+03  3.026E-01  1.000E+01  0.000E+00  1.303E+00
   1   35   17     9     2    2.6698E+05  0.0000E+00   2.6698E+05  0.000E+00  0.000E+00  0.000E+00  4.52440E+03  3.026E-01  1.000E+01  0.000E+00  1.303E+00
   1   34   17     9     3    2.6698E+05  0.0000E+00   2.6698E+05  0.000E+00  0.000E+00  0.000E+00  4.52254E+03  3.026E-01  1.000E+01  0.000E+00  1.303E+00
   1   33   17     9     4    2.6698E+05  0.0000E+00   2.6698E+05  0.000E+00  0.000E+00  0.000E+00  4.52067E+03  3.026E-01  1.000E+01  0.000E+00  1.303E+00
   1   32   17     9     5    2.6698E+05  0.0000E+00   2.6698E+05  0.000E+00  0.000E+00  0.000E+00  4.51880E+03  3.026E-01  1.000E+01  0.000E+00  1.303E+00
   1   31   17     9     6    2.6698E+05  0.0000E+00   2.6698E+05  0.000E+00  0.000E+00  0.000E+00  4.51694E+03  3.026E-01  1.000E+01  0.000E+00  1.303E+00
   1   31   18     9     7    2.6698E+05  0.0000E+00   2.6698E+05  0.000E+00  0.000E+00  0.000E+00  4.51507E+03  3.026E-01  1.000E+01  0.000E+00  1.303E+00
   1   30   18     9     8    2.6698E+05  0.0000E+00   2.6698E+05  0.000E+00  0.000E+00  0.000E+00  4.51320E+03  3.026E-01  1.000E+01  0.000E+00  1.303E+00
   1   29   18     9     9    2.6698E+05  0.0000E+00   2.6698E+05  0.000E+00  0.000E+00  0.000E+00  4.51134E+03  3.026E-01  1.000E+01  0.000E+00  1.303E+00
   1   52    7    10     1    3.0152E+05  2.1731E+03   2.9934E+05  0.000E+00  0.000E+00  0.000E+00  4.63223E+03  2.446E-01  1.200E+01  1.746E+03  1.245E+00
   1   52    8    10     2    2.9934E+05  2.1713E+03   2.9717E+05  0.000E+00  0.000E+00  0.000E+00  4.62860E+03  2.436E-01  1.200E+01  1.746E+03  1.244E+00
   1   51    8    10     3    2.9717E+05  2.1694E+03   2.9500E+05  0.000E+00  0.000E+00  0.000E+00  4.62497E+03  2.425E-01  1.200E+01  1.746E+03  1.243E+00
   1   51    9    10     4    2.9500E+05  2.1676E+03   2.9283E+05  0.000E+00  0.000E+00  0.000E+00  4.62135E+03  2.414E-01  1.200E+01  1.746E+03  1.241E+00
   1   50    9    10     5    2.9283E+05  2.1657E+03   2.9067E+05  0.000E+00  0.000E+00  0.000E+00  4.61772E+03  2.404E-01  1.200E+01  1.746E+03  1.240E+00
   1   50   10    10     6    2.9067E+05  2.1638E+03   2.8851E+05  0.000E+00  0.000E+00  0.000E+00  4.61409E+03  2.393E-01  1.200E+01  1.746E+03  1.239E+00
   1   50   11    10     7    2.8851E+05  2.1620E+03   2.8634E+05  0.000E+00  0.000E+00  0.000E+00  4.61046E+03  2.382E-01  1.200E+01  1.746E+03  1.238E+00
   1   49   11    10     8    2.8634E+05  2.1601E+03   2.8418E+05  0.000E+00  0.000E+00  0.000E+00  4.60683E+03  2.372E-01  1.200E+01  1.746E+03  1.237E+00
   1   49   12    10     9    2.8418E+05  2.1582E+03   2.8202E+05  0.000E+00  0.000E+00  0.000E+00  4.60320E+03  2.361E-01  1.200E+01  1.746E+03  1.236E+00
   1   50   12    10    10    2.8202E+05  2.1563E+03   2.7987E+05  0.000E+00  0.000E+00  0.000E+00  4.59958E+03  2.350E-01  1.200E+01  1.746E+03  1.235E+00
   1   50   13    10    11    2.7987E+05  2.1544E+03   2.7771E+05  0.000E+00  0.000E+00  0.000E+00  4.59595E+03  2.339E-01  1.200E+01  1.746E+03  1.234E+00
   1   49   18    11     1    1.2614E+05  0.0000E+00   1.2614E+05  0.000E+00  0.000E+00  0.000E+00  4.58743E+03  1.931E-01  1.000E+01  0.000E+00  1.193E+00
   1   50   18    11     2    1.2614E+05  0.0000E+00   1.2614E+05  0.000E+00  0.000E+00  0.000E+00  4.58572E+03  1.931E-01  1.000E+01  0.000E+00  1.193E+00
   1   50   17    11     3    1.2614E+05  0.0000E+00   1.2614E+05  0.000E+00  0.000E+00  0.000E+00  4.58400E+03  1.931E-01  1.000E+01  0.000E+00  1.193E+00
   1   50   16    11     4    1.2614E+05  0.0000E+00   1.2614E+05  0.000E+00  0.000E+00  0.000E+00  4.58228E+03  1.931E-01  1.000E+01  0.000E+00  1.193E+00
   1   50   15    11     5    1.2614E+05  0.0000E+00   1.2614E+05  0.000E+00  0.000E+00  0.000E+00  4.58057E+03  1.931E-01  1.000E+01  0.000E+00  1.193E+00
   1   50   14    11     6    1.2614E+05  0.0000E+00   1.2614E+05  0.000E+00  0.000E+00  0.000E+00  4.57885E+03  1.931E-01  1.000E+01  0.000E+00  1.193E+00
   1   49   13    12     1    4.0386E+05  6.7621E+03   3.9710E+05  0.000E+00  0.000E+00  0.000E+00  4.58831E+03  3.197E-01  1.000E+01  5.124E+03  1.320E+00
   1   49   14    12     2    3.9710E+05  6.7455E+03   3.9035E+05  0.000E+00  0.000E+00  0.000E+00  4.58429E+03  3.164E-01  1.000E+01  5.124E+03  1.316E+00
   1   49   15    12     3    3.9035E+05  6.7288E+03   3.8362E+05  0.000E+00  0.000E+00  0.000E+00  4.58027E+03  3.132E-01  1.000E+01  5.124E+03  1.313E+00
   1   48   15    12     4    3.8362E+05  6.7120E+03   3.7691E+05  0.000E+00  0.000E+00  0.000E+00  4.57624E+03  3.099E-01  1.000E+01  5.124E+03  1.310E+00
   1   48   16    12     5    3.7691E+05  6.6951E+03   3.7021E+05  0.000E+00  0.000E+00  0.000E+00  4.57222E+03  3.066E-01  1.000E+01  5.124E+03  1.307E+00
   1   48   17    12     6    3.7021E+05  6.6782E+03   3.6354E+05  0.000E+00  0.000E+00  0.000E+00  4.56820E+03  3.033E-01  1.000E+01  5.124E+03  1.303E+00
   1   47   17    12     7    3.6354E+05  6.6612E+03   3.5688E+05  0.000E+00  0.000E+00  0.000E+00  4.56418E+03  3.000E-01  1.000E+01  5.124E+03  1.300E+00
   1   46   17    12     8    3.5688E+05  6.6441E+03   3.5023E+05  0.000E+00  0.000E+00  0.000E+00  4.56016E+03  2.967E-01  1.000E+01  5.124E+03  1.297E+00
   1   46   16    12     9    3.5023E+05  6.6269E+03   3.4360E+05  0.000E+00  0.000E+00  0.000E+00  4.55613E+03  2.933E-01  1.000E+01  5.124E+03  1.293E+00
   1   45   16    12    10    3.4360E+05  6.6097E+03   3.3699E+05  0.000E+00  0.000E+00  0.000E+00  4.55211E+03  2.899E-01  1.000E+01  5.124E+03  1.290E+00
   1   45   15    12    11    3.3699E+05  3.6183E+03   3.3338E+05  0.000E+00  0.000E+00  0.000E+00  4.54809E+03  2.873E-01  1.000E+01  5.124E+03  7.062E-01
   1   45   14    12    12    3.3338E+05 -7.5528E+03   3.4093E+05  0.000E+00  0.000E+00  0.000E+00  4.54407E+03  2.883E-01  1.000E+01  5.124E+03 -1.474E+00
   1   44   14    12    13    3.4093E+05 -3.3659E+03   3.4429E+05  0.000E+00  0.000E+00  0.000E+00  4.54006E+03  2.912E-01  1.000E+01  5.124E+03 -6.569E-01
   1   43   14    12    14    3.4429E+05  2.6510E+03   3.4164E+05  0.000E+00  0.000E+00  0.000E+00  4.53604E+03  2.913E-01  1.000E+01  5.124E+03  5.174E-01
   1   43   13    12    15    3.4164E+05  2.9086E+03   3.3874E+05  0.000E+00  0.000E+00  0.000E+00  4.53202E+03  2.899E-01  1.000E+01  5.124E+03  5.676E-01
   1   42   13    12    16    3.3874E+05  4.9023E+03   3.3383E+05  0.000E+00  0.000E+00  0.000E+00  4.52800E+03  2.879E-01  1.000E+01  5.124E+03  9.567E-01
   1   42   12    13     1    2.1600E+05  0.0000E+00   2.1600E+05  0.000E+00  0.000E+00  0.000E+00  4.52761E+03  2.109E-01  1.200E+01  0.000E+00  1.211E+00
   1   42   11    13     2    2.1600E+05  0.0000E+00   2.1600E+05  0.000E+00  0.000E+00  0.000E+00  4.52500E+03  2.109E-01  1.200E+01  0.000E+00  1.211E+00
   1   42   10    13     3    2.1600E+05  0.0000E+00   2.1600E+05  0.000E+00  0.000E+00  0.000E+00  4.52239E+03  2.109E-01  1.200E+01  0.000E+00  1.211E+00
   1   42    9    13     4    2.1600E+05  0.0000E+00   2.1600E+05  0.000E+00  0.000E+00  0.000E+00  4.51978E+03  2.109E-01  1.200E+01  0.000E+00  1.211E+00
   1   42    8    13     5    2.1600E+05  0.0000E+00   2.1600E+05  0.000E+00  0.000E+00  0.000E+00  4.51717E+03  2.110E-01  1.200E+01  0.000E+00 -4.759E-01
   1   41    8    13     6    2.1600E+05  0.0000E+00   2.1600E+05  0.000E+00  0.000E+00  0.000E+00  4.51456E+03  2.109E-01  1.200E+01  0.000E+00  1.211E+00
   1   40    8    13     7    2.1600E+05  0.0000E+00   2.1600E+05  0.000E+00  0.000E+00  0.000E+00  4.51195E+03  2.109E-01  1.200E+01  0.000E+00  1.211E+00
   1   40    7    13     8    2.1600E+05  0.0000E+00   2.1600E+05  0.000E+00  0.000E+00  0.000E+00  4.50934E+03  2.109E-01  1.200E+01  0.000E+00  1.211E+00
   1   39    7    13     9    2.1600E+05  0.0000E+00   2.1600E+05  0.000E+00  0.000E+00  0.000E+00  4.50673E+03  2.109E-01  1.200E+01  0.000E+00  1.211E+00
   1   39    6    13    10    2.1600E+05  0.0000E+00   2.1600E+05  0.000E+00  0.000E+00  0.000E+00  4.50412E+03  2.109E-01  1.200E+01  0.000E+00  1.211E+00
   1   38    6    13    11    2.1600E+05  0.0000E+00   2.1600E+05  0.000E+00  0.000E+00  0.000E+00  4.50152E+03  2.109E-01  1.200E+01  0.000E+00  1.211E+00
   1   41   13    14     1    1.1783E+05 -1.3046E+04   1.3088E+05  0.000E+00  0.000E+00  0.000E+00  4.52075E+03  2.546E-01  1.000E+01  1.238E+04 -1.054E+00
   1   40   13    14     2    1.3088E+05  1.5513E+04   1.1537E+05  0.000E+00  0.000E+00  0.000E+00  4.51975E+03  2.531E-01  1.000E+01  1.238E+04  1.253E+00
   1   39   13    15     1    0.0000E+00  0.0000E+00   0.0000E+00  0.000E+00  0.000E+00  0.000E+00  4.51600E+03  0.000E+00  7.000E+00  6.002E+03  1.000E+00
   1   38   13    15     2    0.0000E+00  0.0000E+00   0.0000E+00  0.000E+00  0.000E+00  0.000E+00  4.51400E+03  0.000E+00  7.000E+00  6.002E+03  1.000E+00
   1   38   14    15     3    0.0000E+00  0.0000E+00   0.0000E+00  0.000E+00  0.000E+00  0.000E+00  4.51200E+03  0.000E+00  7.000E+00  6.002E+03  1.000E+00
   1   37   14    15     4    0.0000E+00  0.0000E+00   0.0000E+00  0.000E+00  0.000E+00  0.000E+00  4.51000E+03  0.000E+00  7.000E+00  6.002E+03  1.000E+00
   1   36   14    15     5    0.0000E+00  0.0000E+00   0.0000E+00  0.000E+00  0.000E+00  0.000E+00  4.50800E+03  0.000E+00  7.000E+00  6.002E+03  1.000E+00
   1   36   15    15     6    0.0000E+00  0.0000E+00   0.0000E+00  0.000E+00  0.000E+00  0.000E+00  4.50600E+03  0.000E+00  7.000E+00  6.002E+03  1.000E+00
   1   40   12    16     1    1.1537E+05  0.0000E+00   1.1537E+05  0.000E+00  0.000E+00  0.000E+00  4.51483E+03  1.536E-01  1.000E+01  0.000E+00  8.792E-01
   1   39   12    16     2    1.1537E+05  0.0000E+00   1.1537E+05  0.000E+00  0.000E+00  0.000E+00  4.51197E+03  1.536E-01  1.000E+01  0.000E+00  1.154E+00
   1   38   12    16     3    1.1537E+05  0.0000E+00   1.1537E+05  0.000E+00  0.000E+00  0.000E+00  4.50911E+03  1.536E-01  1.000E+01  0.000E+00  1.154E+00
   1   37   12    16     4    1.1537E+05  0.0000E+00   1.1537E+05  0.000E+00  0.000E+00  0.000E+00  4.50626E+03  1.536E-01  1.000E+01  0.000E+00  1.154E+00
   1   37   11    16     5    1.1537E+05  0.0000E+00   1.1537E+05  0.000E+00  0.000E+00  0.000E+00  4.50340E+03  1.536E-01  1.000E+01  0.000E+00  1.154E+00
   1   36   11    16     6    1.1537E+05  0.0000E+00   1.1537E+05  0.000E+00  0.000E+00  0.000E+00  4.50055E+03  1.536E-01  1.000E+01  0.000E+00  1.154E+00
   1   35   11    16     7    1.1537E+05  0.0000E+00   1.1537E+05  0.000E+00  0.000E+00  0.000E+00  4.49769E+03  1.536E-01  1.000E+01  0.000E+00  1.154E+00
   1   34   11    16     8    1.1537E+05  0.0000E+00   1.1537E+05  0.000E+00  0.000E+00  0.000E+00  4.49484E+03  1.536E-01  1.000E+01  0.000E+00  1.154E+00
   1   34   10    16     9    1.1537E+05  0.0000E+00   1.1537E+05  0.000E+00  0.000E+00  0.000E+00  4.49198E+03  1.536E-01  1.000E+01  0.000E+00  1.154E+00
   1   35   16    17     1    5.2207E+05  9.0143E+03   5.1305E+05  0.000E+00  0.000E+00  0.000E+00  4.49885E+03  5.068E-01  8.000E+00  8.025E+03  1.123E+00
   1   35   15    17     2    5.1305E+05  8.3539E+03   5.0470E+05  0.000E+00  0.000E+00  0.000E+00  4.49664E+03  5.016E-01  8.000E+00  8.025E+03  1.041E+00
   1   35   14    17     3    5.0470E+05 -4.3472E+03   5.0904E+05  0.000E+00  0.000E+00  0.000E+00  4.49443E+03  5.004E-01  8.000E+00  8.025E+03 -5.417E-01
   1   35   13    17     4    5.0904E+05 -1.5935E+04   5.2498E+05  0.000E+00  0.000E+00  0.000E+00  4.49222E+03  5.064E-01  8.000E+00  8.025E+03 -1.986E+00
   1   34   13    17     5    5.2498E+05 -2.2307E+04   5.4729E+05  0.000E+00  0.000E+00  0.000E+00  4.49002E+03  5.176E-01  8.000E+00  8.025E+03 -2.780E+00
   1   34   12    17     6    5.4729E+05 -2.9535E+04   5.7682E+05  0.000E+00  0.000E+00  0.000E+00  4.48783E+03  5.325E-01  8.000E+00  8.025E+03 -3.680E+00
   1   33   12    17     7    5.7682E+05 -2.5407E+04   6.0223E+05  0.000E+00  0.000E+00  0.000E+00  4.48563E+03  5.479E-01  8.000E+00  8.025E+03 -3.166E+00
   1   33   11    18     1    6.0223E+05 -3.8619E+04   6.4085E+05  0.000E+00  0.000E+00  0.000E+00  4.48125E+03  6.704E-01  8.000E+00  8.384E+03 -4.606E+00
   1   33   10    18     2    6.4085E+05 -3.0337E+04   6.7118E+05  0.000E+00  0.000E+00  0.000E+00  4.47996E+03  6.924E-01  8.000E+00  8.384E+03 -3.618E+00
   1   32   10    18     3    6.7118E+05 -2.5182E+04   6.9636E+05  0.000E+00  0.000E+00  0.000E+00  4.47866E+03  7.099E-01  8.000E+00  8.384E+03 -3.004E+00
   1   31   10    19     1    6.4800E+05  0.0000E+00   6.4800E+05  0.000E+00  0.000E+00  0.000E+00  4.48043E+03  7.656E-01  1.000E+01  0.000E+00 -1.114E+00
   1   31    9    19     2    6.4800E+05  0.0000E+00   6.4800E+05  0.000E+00  0.000E+00  0.000E+00  4.47977E+03  7.656E-01  1.000E+01  0.000E+00  1.283E+00
   1   30    9    19     3    6.4800E+05  0.0000E+00   6.4800E+05  0.000E+00  0.000E+00  0.000E+00  4.47910E+03  7.656E-01  1.000E+01  0.000E+00  1.912E-01
   1   30    8    20     1    4.3200E+04  0.0000E+00   4.3200E+04  0.000E+00  0.000E+00  0.000E+00  4.47864E+03  1.753E-01  4.000E+00  0.000E+00  1.175E+00
   1   29    8    20     2    4.3200E+04  0.0000E+00   4.3200E+04  0.000E+00  0.000E+00  0.000E+00  4.47736E+03  1.753E-01  4.000E+00  0.000E+00  3.213E-01
   1   29    7    20     3    4.3200E+04  0.0000E+00   4.3200E+04  0.000E+00  0.000E+00  0.000E+00  4.47609E+03  1.753E-01  4.000E+00  0.000E+00  1.175E+00
   1   28    7    20     4    4.3200E+04  0.0000E+00   4.3200E+04  0.000E+00  0.000E+00  0.000E+00  4.47481E+03  1.753E-01  4.000E+00  0.000E+00 -8.081E-01
   1   29    9    21     1    6.0480E+05  0.0000E+00   6.0480E+05  0.000E+00  0.000E+00  0.000E+00  4.47831E+03  6.052E-01  1.000E+01  0.000E+00 -8.347E-01
   1   29   10    21     2    6.0480E+05  0.0000E+00   6.0480E+05  0.000E+00  0.000E+00  0.000E+00  4.47771E+03  6.052E-01  1.000E+01  0.000E+00 -3.356E+00
   1   28   10    21     3    6.0480E+05  0.0000E+00   6.0480E+05  0.000E+00  0.000E+00  0.000E+00  4.47710E+03  6.052E-01  1.000E+01  0.000E+00 -3.595E+00
   1   28   11    21     4    6.0480E+05  0.0000E+00   6.0480E+05  0.000E+00  0.000E+00  0.000E+00  4.47650E+03  6.052E-01  1.000E+01  0.000E+00 -5.623E+00
   1   27   11    21     5    6.0480E+05  0.0000E+00   6.0480E+05  0.000E+00  0.000E+00  0.000E+00  4.47590E+03  6.052E-01  1.000E+01  0.000E+00 -5.362E+00
   1   32    9    22     1    4.8365E+04 -4.9413E+04   9.7778E+04  0.000E+00  0.000E+00  0.000E+00  4.47527E+03  1.294E-01  1.600E+01  1.618E+04 -3.054E+00
   1   32    8    22     2    9.7778E+04 -4.9009E+04   1.4679E+05  0.000E+00  0.000E+00  0.000E+00  4.47321E+03  1.760E-01  1.600E+01  1.618E+04 -3.029E+00
   1   31    8    22     3    1.4679E+05 -5.6731E+04   2.0352E+05  0.000E+00  0.000E+00  0.000E+00  4.47114E+03  2.183E-01  1.600E+01  1.618E+04 -3.506E+00
   1   31    7    22     4    2.0352E+05 -4.7890E+04   2.5141E+05  0.000E+00  0.000E+00  0.000E+00  4.46906E+03  2.554E-01  1.600E+01  1.618E+04 -2.960E+00
   1   31    6    22     5    2.5141E+05 -4.3768E+04   2.9518E+05  0.000E+00  0.000E+00  0.000E+00  4.46698E+03  2.854E-01  1.600E+01  1.618E+04 -2.705E+00
   1   30    6    22     6    2.9518E+05 -4.8055E+04   3.4323E+05  0.000E+00  0.000E+00  0.000E+00  4.46489E+03  3.129E-01  1.600E+01  1.618E+04 -2.970E+00
   1   30    5    22     7    3.4323E+05 -2.8393E+04   3.7162E+05  0.000E+00  0.000E+00  0.000E+00  4.46280E+03  3.349E-01  1.600E+01  1.618E+04 -1.755E+00
   1   29    5    22     8    3.7162E+05 -2.0983E+04   3.9261E+05  0.000E+00  0.000E+00  0.000E+00  4.46070E+03  3.486E-01  1.600E+01  1.618E+04 -1.297E+00
   1   28    5    23     1    3.1485E+05 -4.1790E+04   3.5664E+05  0.000E+00  0.000E+00  0.000E+00  4.45830E+03  3.243E-01  1.800E+01  3.218E+04 -1.299E+00
   1   28    4    23     2    3.5664E+05 -1.4713E+04   3.7135E+05  0.000E+00  0.000E+00  0.000E+00  4.45687E+03  3.404E-01  1.800E+01  3.218E+04 -4.572E-01
   1   28    3    23     3    3.7135E+05 -6.4921E+02   3.7200E+05  0.000E+00  0.000E+00  0.000E+00  4.45542E+03  3.447E-01  1.800E+01  3.218E+04 -2.017E-02
   1   27    3    23     4    3.7200E+05 -2.3196E+04   3.9520E+05  0.000E+00  0.000E+00  0.000E+00  4.45398E+03  3.514E-01  1.800E+01  3.218E+04 -7.208E-01
   1   27    2    23     5    3.9520E+05  1.0545E+04   3.8465E+05  0.000E+00  0.000E+00  0.000E+00  4.45253E+03  3.547E-01  1.800E+01  3.218E+04  3.277E-01
   1   26    2    23     6    3.8465E+05  7.1469E+03   3.7750E+05  0.000E+00  0.000E+00  0.000E+00  4.45108E+03  3.501E-01  1.800E+01  3.218E+04  2.221E-01
   1   27    5    24     1    7.7760E+04  0.0000E+00   7.7760E+04  0.000E+00  0.000E+00  0.000E+00  4.46035E+03  1.456E-01  1.000E+01  0.000E+00 -6.078E+00
   1   27    4    24     2    7.7760E+04  0.0000E+00   7.7760E+04  0.000E+00  0.000E+00  0.000E+00  4.45875E+03  1.461E-01  1.000E+01  0.000E+00 -1.227E-01
   1   26    4    24     3    7.7760E+04  0.0000E+00   7.7760E+04  0.000E+00  0.000E+00  0.000E+00  4.45715E+03  1.455E-01  1.000E+01  0.000E+00 -5.625E+00
   1   26    3    24     4    7.7760E+04  0.0000E+00   7.7760E+04  0.000E+00  0.000E+00  0.000E+00  4.45555E+03  1.455E-01  1.000E+01  0.000E+00 -6.488E-01
   1   25    3    24     5    7.7760E+04  0.0000E+00   7.7760E+04  0.000E+00  0.000E+00  0.000E+00  4.45395E+03  1.458E-01  1.000E+01  0.000E+00 -3.631E+00
