   TS TIME STEP (hrs)    STORAGE          RATE         CONST HD         RATE          WELL            RATE         DRAIN            RATE        RECHARGE          RATE           ET             RATE          RIVER           RATE        HD DEP BND        RATE         STREAM           RATE          TOTAL           RATE     
    1   3.000000E+01   1.311728E+07   4.372425E+05   0.000000E+00   0.000000E+00   0.000000E+00   0.000000E+00   0.000000E+00   0.000000E+00   3.450075E+07   1.150025E+06   0.000000E+00   0.000000E+00   3.669222E+06   1.223074E+05   0.000000E+00   0.000000E+00   2.130435E+07   7.101449E+05   7.259159E+07   2.419720E+06
    2   3.000000E+01   2.182338E+07   2.902037E+05   0.000000E+00   0.000000E+00   0.000000E+00   0.000000E+00   0.000000E+00   0.000000E+00   6.900150E+07   1.150025E+06   0.000000E+00   0.000000E+00   7.195515E+06   1.175431E+05   0.000000E+00   0.000000E+00   4.264776E+07   7.114471E+05   1.406682E+08   2.269219E+06
    3   3.000000E+01   2.836650E+07   2.181038E+05   0.000000E+00   0.000000E+00   0.000000E+00   0.000000E+00   0.000000E+00   0.000000E+00   1.035023E+08   1.150025E+06   0.000000E+00   0.000000E+00   1.080005E+07   1.201512E+05   0.000000E+00   0.000000E+00   6.400754E+07   7.119927E+05   2.066764E+08   2.200273E+06
    4   3.000000E+01   3.364484E+07   1.759446E+05   0.000000E+00   0.000000E+00   0.000000E+00   0.000000E+00   0.000000E+00   0.000000E+00   1.380030E+08   1.150025E+06   0.000000E+00   0.000000E+00   1.444713E+07   1.215692E+05   0.000000E+00   0.000000E+00   8.539101E+07   7.127823E+05   2.714860E+08   2.160321E+06
    5   3.000000E+01   3.817248E+07   1.509215E+05   0.000000E+00   0.000000E+00   0.000000E+00   0.000000E+00   0.000000E+00   0.000000E+00   1.725038E+08   1.150025E+06   0.000000E+00   0.000000E+00   1.811617E+07   1.223014E+05   0.000000E+00   0.000000E+00   1.067900E+08   7.132991E+05   3.355824E+08   2.136547E+06
    6   3.000000E+01   4.220021E+07   1.342577E+05   0.000000E+00   0.000000E+00   0.000000E+00   0.000000E+00   0.000000E+00   0.000000E+00   2.070045E+08   1.150025E+06   0.000000E+00   0.000000E+00   2.179513E+07   1.226320E+05   0.000000E+00   0.000000E+00   1.282008E+08   7.136958E+05   3.992007E+08   2.120611E+06
    7   3.000000E+01   4.587602E+07   1.225269E+05   0.000000E+00   0.000000E+00   0.000000E+00   0.000000E+00   0.000000E+00   0.000000E+00   2.415053E+08   1.150025E+06   0.000000E+00   0.000000E+00   2.547702E+07   1.227296E+05   0.000000E+00   0.000000E+00   1.496070E+08   7.135374E+05   4.624653E+08   2.108819E+06
    8   3.000000E+01   8.058846E+07   1.157081E+06   0.000000E+00   0.000000E+00   0.000000E+00   0.000000E+00   0.000000E+00   0.000000E+00   3.415765E+08   3.335707E+06   0.000000E+00   0.000000E+00   2.871957E+07   1.080850E+05   0.000000E+00   0.000000E+00   1.697233E+08   6.705446E+05   6.206078E+08   5.271418E+06
    9   3.000000E+01   1.049201E+08   8.110554E+05   0.000000E+00   0.000000E+00   0.000000E+00   0.000000E+00   0.000000E+00   0.000000E+00   4.416477E+08   3.335707E+06   0.000000E+00   0.000000E+00   3.180797E+07   1.029465E+05   0.000000E+00   0.000000E+00   1.901016E+08   6.792775E+05   7.684774E+08   4.928987E+06
   10   3.000000E+01   1.239698E+08   6.349890E+05   0.000000E+00   0.000000E+00   0.000000E+00   0.000000E+00   0.000000E+00   0.000000E+00   5.417189E+08   3.335707E+06   0.000000E+00   0.000000E+00   3.482088E+07   1.004303E+05   0.000000E+00   0.000000E+00   2.106208E+08   6.839706E+05   9.111303E+08   4.755097E+06
   11   3.000000E+01   1.398111E+08   5.280420E+05   0.000000E+00   0.000000E+00   0.000000E+00   0.000000E+00   0.000000E+00   0.000000E+00   6.417901E+08   3.335707E+06   0.000000E+00   0.000000E+00   3.779258E+07   9.905700E+04   0.000000E+00   0.000000E+00   2.313132E+08   6.897496E+05   1.050707E+09   4.652556E+06
   12   3.000000E+01   1.535943E+08   4.594404E+05   0.000000E+00   0.000000E+00   0.000000E+00   0.000000E+00   0.000000E+00   0.000000E+00   7.418614E+08   3.335707E+06   0.000000E+00   0.000000E+00   4.074317E+07   9.835277E+04   0.000000E+00   0.000000E+00   2.520813E+08   6.922691E+05   1.188280E+09   4.585769E+06
   13   3.000000E+01   1.814081E+08   9.271263E+05   0.000000E+00   0.000000E+00   0.000000E+00   0.000000E+00   0.000000E+00   0.000000E+00   7.763621E+08   1.150025E+06   0.000000E+00   0.000000E+00   4.388444E+07   1.047091E+05   0.000000E+00   0.000000E+00   2.733657E+08   7.094799E+05   1.275020E+09   2.891340E+06
   14   3.000000E+01   1.984251E+08   5.672351E+05   0.000000E+00   0.000000E+00   0.000000E+00   0.000000E+00   0.000000E+00   0.000000E+00   8.108628E+08   1.150025E+06   0.000000E+00   0.000000E+00   4.722071E+07   1.112089E+05   0.000000E+00   0.000000E+00   2.946767E+08   7.103658E+05   1.351185E+09   2.538835E+06
   15   3.000000E+01   2.099210E+08   3.831949E+05   0.000000E+00   0.000000E+00   0.000000E+00   0.000000E+00   0.000000E+00   0.000000E+00   8.453636E+08   1.150025E+06   0.000000E+00   0.000000E+00   5.072349E+07   1.167594E+05   0.000000E+00   0.000000E+00   3.160364E+08   7.119895E+05   1.422044E+09   2.361969E+06
   16   3.000000E+01   2.181680E+08   2.749028E+05   0.000000E+00   0.000000E+00   0.000000E+00   0.000000E+00   0.000000E+00   0.000000E+00   8.798643E+08   1.150025E+06   0.000000E+00   0.000000E+00   5.432012E+07   1.198877E+05   0.000000E+00   0.000000E+00   3.374061E+08   7.123239E+05   1.489759E+09   2.257140E+06
   17   3.000000E+01   2.244399E+08   2.090631E+05   0.000000E+00   0.000000E+00   0.000000E+00   0.000000E+00   0.000000E+00   0.000000E+00   9.143651E+08   1.150025E+06   0.000000E+00   0.000000E+00   5.796840E+07   1.216093E+05   0.000000E+00   0.000000E+00   3.587712E+08   7.121695E+05   1.555545E+09   2.192867E+06
   18   3.000000E+01   2.294874E+08   1.682487E+05   0.000000E+00   0.000000E+00   0.000000E+00   0.000000E+00   0.000000E+00   0.000000E+00   9.488658E+08   1.150025E+06   0.000000E+00   0.000000E+00   6.164358E+07   1.225060E+05   0.000000E+00   0.000000E+00   3.801375E+08   7.122121E+05   1.620134E+09   2.152992E+06
   19   3.000000E+01   2.337979E+08   1.436843E+05   0.000000E+00   0.000000E+00   0.000000E+00   0.000000E+00   0.000000E+00   0.000000E+00   9.833665E+08   1.150025E+06   0.000000E+00   0.000000E+00   6.533118E+07   1.229199E+05   0.000000E+00   0.000000E+00   4.015327E+08   7.131709E+05   1.684028E+09   2.129800E+06
   20   3.000000E+01   2.674723E+08   1.122479E+06   0.000000E+00   0.000000E+00   0.000000E+00   0.000000E+00   0.000000E+00   0.000000E+00   1.083438E+09   3.335707E+06   0.000000E+00   0.000000E+00   6.858283E+07   1.083886E+05   0.000000E+00   0.000000E+00   4.216764E+08   6.714578E+05   1.841169E+09   5.238033E+06
   21   3.000000E+01   2.909841E+08   7.837268E+05   0.000000E+00   0.000000E+00   0.000000E+00   0.000000E+00   0.000000E+00   0.000000E+00   1.183509E+09   3.335707E+06   0.000000E+00   0.000000E+00   7.168391E+07   1.033693E+05   0.000000E+00   0.000000E+00   4.420688E+08   6.797466E+05   1.988246E+09   4.902550E+06
   22   3.000000E+01   3.094096E+08   6.141821E+05   0.000000E+00   0.000000E+00   0.000000E+00   0.000000E+00   0.000000E+00   0.000000E+00   1.283580E+09   3.335707E+06   0.000000E+00   0.000000E+00   7.470730E+07   1.007797E+05   0.000000E+00   0.000000E+00   4.625985E+08   6.843236E+05   2.130295E+09   4.734993E+06
   23   3.000000E+01   3.247702E+08   5.120198E+05   0.000000E+00   0.000000E+00   0.000000E+00   0.000000E+00   0.000000E+00   0.000000E+00   1.383651E+09   3.335707E+06   0.000000E+00   0.000000E+00   7.768766E+07   9.934536E+04   0.000000E+00   0.000000E+00   4.832961E+08   6.899212E+05   2.269405E+09   4.636994E+06
   24   3.000000E+01   3.381721E+08   4.467319E+05   0.000000E+00   0.000000E+00   0.000000E+00   0.000000E+00   0.000000E+00   0.000000E+00   1.483722E+09   3.335707E+06   0.000000E+00   0.000000E+00   8.064525E+07   9.858606E+04   0.000000E+00   0.000000E+00   5.040687E+08   6.924186E+05   2.406608E+09   4.573444E+06
   25   3.000000E+01   3.661094E+08   9.312416E+05   0.000000E+00   0.000000E+00   0.000000E+00   0.000000E+00   0.000000E+00   0.000000E+00   1.518223E+09   1.150025E+06   0.000000E+00   0.000000E+00   8.379250E+07   1.049086E+05   0.000000E+00   0.000000E+00   5.253508E+08   7.094059E+05   2.493476E+09   2.895581E+06
   26   3.000000E+01   3.832984E+08   5.729678E+05   0.000000E+00   0.000000E+00   0.000000E+00   0.000000E+00   0.000000E+00   0.000000E+00   1.552724E+09   1.150025E+06   0.000000E+00   0.000000E+00   8.713466E+07   1.114053E+05   0.000000E+00   0.000000E+00   5.466584E+08   7.102533E+05   2.569815E+09   2.544651E+06
   27   3.000000E+01   3.949825E+08   3.894698E+05   0.000000E+00   0.000000E+00   0.000000E+00   0.000000E+00   0.000000E+00   0.000000E+00   1.587225E+09   1.150025E+06   0.000000E+00   0.000000E+00   9.064296E+07   1.169433E+05   0.000000E+00   0.000000E+00   5.680158E+08   7.119129E+05   2.640866E+09   2.368351E+06
   28   3.000000E+01   4.034028E+08   2.806777E+05   0.000000E+00   0.000000E+00   0.000000E+00   0.000000E+00   0.000000E+00   0.000000E+00   1.621725E+09   1.150025E+06   0.000000E+00   0.000000E+00   9.424486E+07   1.200631E+05   0.000000E+00   0.000000E+00   5.893835E+08   7.122563E+05   2.708756E+09   2.263022E+06
   29   3.000000E+01   4.098284E+08   2.141850E+05   0.000000E+00   0.000000E+00   0.000000E+00   0.000000E+00   0.000000E+00   0.000000E+00   1.656226E+09   1.150025E+06   0.000000E+00   0.000000E+00   9.789795E+07   1.217698E+05   0.000000E+00   0.000000E+00   6.107516E+08   7.122704E+05   2.774704E+09   2.198250E+06
   30   3.000000E+01   4.150093E+08   1.727002E+05   0.000000E+00   0.000000E+00   0.000000E+00   0.000000E+00   0.000000E+00   0.000000E+00   1.690727E+09   1.150025E+06   0.000000E+00   0.000000E+00   1.015777E+08   1.226594E+05   0.000000E+00   0.000000E+00   6.321430E+08   7.130461E+05   2.839457E+09   2.158431E+06
   31   3.000000E+01   4.194376E+08   1.476079E+05   0.000000E+00   0.000000E+00   0.000000E+00   0.000000E+00   0.000000E+00   0.000000E+00   1.725228E+09   1.150025E+06   0.000000E+00   0.000000E+00   1.052697E+08   1.230643E+05   0.000000E+00   0.000000E+00   6.535610E+08   7.139331E+05   2.903496E+09   2.134630E+06
   32   3.000000E+01   4.530082E+08   1.119021E+06   0.000000E+00   0.000000E+00   0.000000E+00   0.000000E+00   0.000000E+00   0.000000E+00   1.825299E+09   3.335707E+06   0.000000E+00   0.000000E+00   1.085251E+08   1.085136E+05   0.000000E+00   0.000000E+00   6.737000E+08   6.713006E+05   3.060532E+09   5.234543E+06
   33   3.000000E+01   4.764167E+08   7.802853E+05   0.000000E+00   0.000000E+00   0.000000E+00   0.000000E+00   0.000000E+00   0.000000E+00   1.925370E+09   3.335707E+06   0.000000E+00   0.000000E+00   1.116288E+08   1.034559E+05   0.000000E+00   0.000000E+00   6.940888E+08   6.796274E+05   3.207504E+09   4.899076E+06
   34   3.000000E+01   4.947447E+08   6.109317E+05   0.000000E+00   0.000000E+00   0.000000E+00   0.000000E+00   0.000000E+00   0.000000E+00   2.025441E+09   3.335707E+06   0.000000E+00   0.000000E+00   1.146543E+08   1.008515E+05   0.000000E+00   0.000000E+00   7.146110E+08   6.840745E+05   3.349451E+09   4.731565E+06
   35   3.000000E+01   5.100144E+08   5.089901E+05   0.000000E+00   0.000000E+00   0.000000E+00   0.000000E+00   0.000000E+00   0.000000E+00   2.125512E+09   3.335707E+06   0.000000E+00   0.000000E+00   1.176364E+08   9.940346E+04   0.000000E+00   0.000000E+00   7.353027E+08   6.897209E+05   3.488466E+09   4.633822E+06
   36   3.000000E+01   5.233316E+08   4.439088E+05   0.000000E+00   0.000000E+00   0.000000E+00   0.000000E+00   0.000000E+00   0.000000E+00   2.225583E+09   3.335707E+06   0.000000E+00   0.000000E+00   1.205955E+08   9.863508E+04   0.000000E+00   0.000000E+00   7.560719E+08   6.923066E+05   3.625582E+09   4.570558E+06
   37   3.000000E+01   5.512975E+08   9.321945E+05   0.000000E+00   0.000000E+00   0.000000E+00   0.000000E+00   0.000000E+00   0.000000E+00   2.260084E+09   1.150025E+06   0.000000E+00   0.000000E+00   1.237440E+08   1.049527E+05   0.000000E+00   0.000000E+00   7.773494E+08   7.092528E+05   3.712475E+09   2.896425E+06
   38   3.000000E+01   5.685325E+08   5.744993E+05   0.000000E+00   0.000000E+00   0.000000E+00   0.000000E+00   0.000000E+00   0.000000E+00   2.294585E+09   1.150025E+06   0.000000E+00   0.000000E+00   1.270877E+08   1.114566E+05   0.000000E+00   0.000000E+00   7.986538E+08   7.101470E+05   3.788859E+09   2.546128E+06
   39   3.000000E+01   5.802706E+08   3.912709E+05   0.000000E+00   0.000000E+00   0.000000E+00   0.000000E+00   0.000000E+00   0.000000E+00   2.329086E+09   1.150025E+06   0.000000E+00   0.000000E+00   1.305975E+08   1.169922E+05   0.000000E+00   0.000000E+00   8.200076E+08   7.117912E+05   3.859962E+09   2.370079E+06
   40   3.000000E+01   5.887512E+08   2.826876E+05   0.000000E+00   0.000000E+00   0.000000E+00   0.000000E+00   0.000000E+00   0.000000E+00   2.363587E+09   1.150025E+06   0.000000E+00   0.000000E+00   1.342008E+08   1.201087E+05   0.000000E+00   0.000000E+00   8.413712E+08   7.121207E+05   3.927910E+09   2.264942E+06
   41   3.000000E+01   5.952366E+08   2.161793E+05   0.000000E+00   0.000000E+00   0.000000E+00   0.000000E+00   0.000000E+00   0.000000E+00   2.398088E+09   1.150025E+06   0.000000E+00   0.000000E+00   1.378553E+08   1.218180E+05   0.000000E+00   0.000000E+00   8.627388E+08   7.122540E+05   3.993918E+09   2.200276E+06
   42   3.000000E+01   6.004751E+08   1.746174E+05   0.000000E+00   0.000000E+00   0.000000E+00   0.000000E+00   0.000000E+00   0.000000E+00   2.432589E+09   1.150025E+06   0.000000E+00   0.000000E+00   1.415364E+08   1.227019E+05   0.000000E+00   0.000000E+00   8.841413E+08   7.134163E+05   4.058741E+09   2.160761E+06
   43   3.000000E+01   6.049573E+08   1.494055E+05   0.000000E+00   0.000000E+00   0.000000E+00   0.000000E+00   0.000000E+00   0.000000E+00   2.467089E+09   1.150025E+06   0.000000E+00   0.000000E+00   1.452295E+08   1.231035E+05   0.000000E+00   0.000000E+00   9.055693E+08   7.142647E+05   4.122845E+09   2.136799E+06
   44   3.000000E+01   6.385058E+08   1.118284E+06   0.000000E+00   0.000000E+00   0.000000E+00   0.000000E+00   0.000000E+00   0.000000E+00   2.567161E+09   3.335707E+06   0.000000E+00   0.000000E+00   1.484859E+08   1.085471E+05   0.000000E+00   0.000000E+00   9.257041E+08   6.711622E+05   4.279856E+09   5.233700E+06
   45   3.000000E+01   6.618871E+08   7.793771E+05   0.000000E+00   0.000000E+00   0.000000E+00   0.000000E+00   0.000000E+00   0.000000E+00   2.667232E+09   3.335707E+06   0.000000E+00   0.000000E+00   1.515902E+08   1.034791E+05   0.000000E+00   0.000000E+00   9.460901E+08   6.795321E+05   4.426799E+09   4.898096E+06
   46   3.000000E+01   6.801868E+08   6.099878E+05   0.000000E+00   0.000000E+00   0.000000E+00   0.000000E+00   0.000000E+00   0.000000E+00   2.767303E+09   3.335707E+06   0.000000E+00   0.000000E+00   1.546164E+08   1.008716E+05   0.000000E+00   0.000000E+00   9.666070E+08   6.838954E+05   4.568713E+09   4.730462E+06
   47   3.000000E+01   6.954290E+08   5.080744E+05   0.000000E+00   0.000000E+00   0.000000E+00   0.000000E+00   0.000000E+00   0.000000E+00   2.867374E+09   3.335707E+06   0.000000E+00   0.000000E+00   1.575990E+08   9.942073E+04   0.000000E+00   0.000000E+00   9.872949E+08   6.895985E+05   4.707697E+09   4.632801E+06
   48   3.000000E+01   7.087187E+08   4.429903E+05   0.000000E+00   0.000000E+00   0.000000E+00   0.000000E+00   0.000000E+00   0.000000E+00   2.967445E+09   3.335707E+06   0.000000E+00   0.000000E+00   1.605585E+08   9.864919E+04   0.000000E+00   0.000000E+00   1.008062E+09   6.922200E+05   4.844784E+09   4.569567E+06
   49   3.000000E+01   7.367062E+08   9.329172E+05   0.000000E+00   0.000000E+00   0.000000E+00   0.000000E+00   0.000000E+00   0.000000E+00   3.001946E+09   1.150025E+06   0.000000E+00   0.000000E+00   1.637074E+08   1.049652E+05   0.000000E+00   0.000000E+00   1.029336E+09   7.091371E+05   4.931696E+09   2.897045E+06
   50   3.000000E+01   7.539690E+08   5.754232E+05   0.000000E+00   0.000000E+00   0.000000E+00   0.000000E+00   0.000000E+00   0.000000E+00   3.036447E+09   1.150025E+06   0.000000E+00   0.000000E+00   1.670516E+08   1.114714E+05   0.000000E+00   0.000000E+00   1.050637E+09   7.100309E+05   5.008104E+09   2.546951E+06
   51   3.000000E+01   7.657399E+08   3.923658E+05   0.000000E+00   0.000000E+00   0.000000E+00   0.000000E+00   0.000000E+00   0.000000E+00   3.070948E+09   1.150025E+06   0.000000E+00   0.000000E+00   1.705617E+08   1.170052E+05   0.000000E+00   0.000000E+00   1.071987E+09   7.116744E+05   5.079236E+09   2.371070E+06
   52   3.000000E+01   7.742548E+08   2.838286E+05   0.000000E+00   0.000000E+00   0.000000E+00   0.000000E+00   0.000000E+00   0.000000E+00   3.105449E+09   1.150025E+06   0.000000E+00   0.000000E+00   1.741653E+08   1.201182E+05   0.000000E+00   0.000000E+00   1.093347E+09   7.120189E+05   5.147216E+09   2.265991E+06
   53   3.000000E+01   7.807740E+08   2.173046E+05   0.000000E+00   0.000000E+00   0.000000E+00   0.000000E+00   0.000000E+00   0.000000E+00   3.139950E+09   1.150025E+06   0.000000E+00   0.000000E+00   1.778201E+08   1.218275E+05   0.000000E+00   0.000000E+00   1.114700E+09   7.117492E+05   5.213243E+09   2.200906E+06
   54   3.000000E+01   7.860452E+08   1.757084E+05   0.000000E+00   0.000000E+00   0.000000E+00   0.000000E+00   0.000000E+00   0.000000E+00   3.174450E+09   1.150025E+06   0.000000E+00   0.000000E+00   1.815015E+08   1.227108E+05   0.000000E+00   0.000000E+00   1.136111E+09   7.137117E+05   5.278108E+09   2.162156E+06
   55   3.000000E+01   7.905591E+08   1.504641E+05   0.000000E+00   0.000000E+00   0.000000E+00   0.000000E+00   0.000000E+00   0.000000E+00   3.208951E+09   1.150025E+06   0.000000E+00   0.000000E+00   1.851948E+08   1.231124E+05   0.000000E+00   0.000000E+00   1.157546E+09   7.144950E+05   5.342251E+09   2.138097E+06
   56   3.000000E+01   8.241032E+08   1.118139E+06   0.000000E+00   0.000000E+00   0.000000E+00   0.000000E+00   0.000000E+00   0.000000E+00   3.309022E+09   3.335707E+06   0.000000E+00   0.000000E+00   1.884515E+08   1.085569E+05   0.000000E+00   0.000000E+00   1.177679E+09   6.710865E+05   5.499256E+09   5.233489E+06
   57   3.000000E+01   8.474775E+08   7.791423E+05   0.000000E+00   0.000000E+00   0.000000E+00   0.000000E+00   0.000000E+00   0.000000E+00   3.409094E+09   3.335707E+06   0.000000E+00   0.000000E+00   1.915561E+08   1.034860E+05   0.000000E+00   0.000000E+00   1.198061E+09   6.794178E+05   5.646189E+09   4.897753E+06
   58   3.000000E+01   8.657691E+08   6.097199E+05   0.000000E+00   0.000000E+00   0.000000E+00   0.000000E+00   0.000000E+00   0.000000E+00   3.509165E+09   3.335707E+06   0.000000E+00   0.000000E+00   1.945824E+08   1.008778E+05   0.000000E+00   0.000000E+00   1.218574E+09   6.837594E+05   5.788090E+09   4.730064E+06
   59   3.000000E+01   8.810031E+08   5.078027E+05   0.000000E+00   0.000000E+00   0.000000E+00   0.000000E+00   0.000000E+00   0.000000E+00   3.609236E+09   3.335707E+06   0.000000E+00   0.000000E+00   1.975652E+08   9.942576E+04   0.000000E+00   0.000000E+00   1.239259E+09   6.894902E+05   5.927063E+09   4.632426E+06
   60   3.000000E+01   8.942838E+08   4.426881E+05   0.000000E+00   0.000000E+00   0.000000E+00   0.000000E+00   0.000000E+00   0.000000E+00   3.709307E+09   3.335707E+06   0.000000E+00   0.000000E+00   2.005248E+08   9.865354E+04   0.000000E+00   0.000000E+00   1.260024E+09   6.921833E+05   6.064140E+09   4.569232E+06
   61   3.000000E+01   9.222864E+08   9.334213E+05   0.000000E+00   0.000000E+00   0.000000E+00   0.000000E+00   0.000000E+00   0.000000E+00   3.743808E+09   1.150025E+06   0.000000E+00   0.000000E+00   2.036739E+08   1.049698E+05   0.000000E+00   0.000000E+00   1.281296E+09   7.090694E+05   6.151065E+09   2.897486E+06
   62   3.000000E+01   9.395675E+08   5.760353E+05   0.000000E+00   0.000000E+00   0.000000E+00   0.000000E+00   0.000000E+00   0.000000E+00   3.778309E+09   1.150025E+06   0.000000E+00   0.000000E+00   2.070181E+08   1.114719E+05   0.000000E+00   0.000000E+00   1.302594E+09   7.099119E+05   6.227488E+09   2.547444E+06
   63   3.000000E+01   9.513588E+08   3.930462E+05   0.000000E+00   0.000000E+00   0.000000E+00   0.000000E+00   0.000000E+00   0.000000E+00   3.812810E+09   1.150025E+06   0.000000E+00   0.000000E+00   2.105283E+08   1.170075E+05   0.000000E+00   0.000000E+00   1.323941E+09   7.115751E+05   6.298638E+09   2.371654E+06
   64   3.000000E+01   9.598959E+08   2.845690E+05   0.000000E+00   0.000000E+00   0.000000E+00   0.000000E+00   0.000000E+00   0.000000E+00   3.847311E+09   1.150025E+06   0.000000E+00   0.000000E+00   2.141319E+08   1.201201E+05   0.000000E+00   0.000000E+00   1.345299E+09   7.119332E+05   6.366637E+09   2.266647E+06
   65   3.000000E+01   9.664356E+08   2.179902E+05   0.000000E+00   0.000000E+00   0.000000E+00   0.000000E+00   0.000000E+00   0.000000E+00   3.881811E+09   1.150025E+06   0.000000E+00   0.000000E+00   2.177867E+08   1.218279E+05   0.000000E+00   0.000000E+00   1.366655E+09   7.118909E+05   6.432689E+09   2.201734E+06
   66   3.000000E+01   9.717279E+08   1.764094E+05   0.000000E+00   0.000000E+00   0.000000E+00   0.000000E+00   0.000000E+00   0.000000E+00   3.916312E+09   1.150025E+06   0.000000E+00   0.000000E+00   2.214680E+08   1.227108E+05   0.000000E+00   0.000000E+00   1.388071E+09   7.138516E+05   6.497579E+09   2.162997E+06
   67   3.000000E+01   9.762618E+08   1.511289E+05   0.000000E+00   0.000000E+00   0.000000E+00   0.000000E+00   0.000000E+00   0.000000E+00   3.950813E+09   1.150025E+06   0.000000E+00   0.000000E+00   2.251614E+08   1.231104E+05   0.000000E+00   0.000000E+00   1.409510E+09   7.146304E+05   6.561746E+09   2.138895E+06
   68   3.000000E+01   1.009809E+09   1.118227E+06   0.000000E+00   0.000000E+00   0.000000E+00   0.000000E+00   0.000000E+00   0.000000E+00   4.050884E+09   3.335707E+06   0.000000E+00   0.000000E+00   2.284180E+08   1.085531E+05   0.000000E+00   0.000000E+00   1.429640E+09   6.709928E+05   6.718751E+09   5.233480E+06
   69   3.000000E+01   1.033183E+09   7.791471E+05   0.000000E+00   0.000000E+00   0.000000E+00   0.000000E+00   0.000000E+00   0.000000E+00   4.150956E+09   3.335707E+06   0.000000E+00   0.000000E+00   2.315226E+08   1.034873E+05   0.000000E+00   0.000000E+00   1.450021E+09   6.793805E+05   6.865682E+09   4.897722E+06
   70   3.000000E+01   1.051473E+09   6.096618E+05   0.000000E+00   0.000000E+00   0.000000E+00   0.000000E+00   0.000000E+00   0.000000E+00   4.251027E+09   3.335707E+06   0.000000E+00   0.000000E+00   2.345489E+08   1.008785E+05   0.000000E+00   0.000000E+00   1.470531E+09   6.836834E+05   7.007580E+09   4.729931E+06
   71   3.000000E+01   1.066704E+09   5.077118E+05   0.000000E+00   0.000000E+00   0.000000E+00   0.000000E+00   0.000000E+00   0.000000E+00   4.351098E+09   3.335707E+06   0.000000E+00   0.000000E+00   2.375317E+08   9.942676E+04   0.000000E+00   0.000000E+00   1.491213E+09   6.893679E+05   7.146546E+09   4.632214E+06
   72   3.000000E+01   1.079982E+09   4.425880E+05   0.000000E+00   0.000000E+00   0.000000E+00   0.000000E+00   0.000000E+00   0.000000E+00   4.451169E+09   3.335707E+06   0.000000E+00   0.000000E+00   2.404914E+08   9.865423E+04   0.000000E+00   0.000000E+00   1.511976E+09   6.921026E+05   7.283618E+09   4.569052E+06
   73   3.000000E+01   1.107997E+09   9.338397E+05   0.000000E+00   0.000000E+00   0.000000E+00   0.000000E+00   0.000000E+00   0.000000E+00   4.485670E+09   1.150025E+06   0.000000E+00   0.000000E+00   2.436404E+08   1.049693E+05   0.000000E+00   0.000000E+00   1.533246E+09   7.089948E+05   7.370553E+09   2.897829E+06
   74   3.000000E+01   1.125292E+09   5.764979E+05   0.000000E+00   0.000000E+00   0.000000E+00   0.000000E+00   0.000000E+00   0.000000E+00   4.520170E+09   1.150025E+06   0.000000E+00   0.000000E+00   2.469845E+08   1.114681E+05   0.000000E+00   0.000000E+00   1.554541E+09   7.098639E+05   7.446989E+09   2.547855E+06
   75   3.000000E+01   1.137098E+09   3.935313E+05   0.000000E+00   0.000000E+00   0.000000E+00   0.000000E+00   0.000000E+00   0.000000E+00   4.554671E+09   1.150025E+06   0.000000E+00   0.000000E+00   2.504946E+08   1.170030E+05   0.000000E+00   0.000000E+00   1.575887E+09   7.115195E+05   7.518151E+09   2.372079E+06
   76   3.000000E+01   1.145650E+09   2.850732E+05   0.000000E+00   0.000000E+00   0.000000E+00   0.000000E+00   0.000000E+00   0.000000E+00   4.589172E+09   1.150025E+06   0.000000E+00   0.000000E+00   2.540980E+08   1.201149E+05   0.000000E+00   0.000000E+00   1.597243E+09   7.118618E+05   7.586163E+09   2.267075E+06
   77   3.000000E+01   1.152205E+09   2.184888E+05   0.000000E+00   0.000000E+00   0.000000E+00   0.000000E+00   0.000000E+00   0.000000E+00   4.623672E+09   1.150025E+06   0.000000E+00   0.000000E+00   2.577527E+08   1.218229E+05   0.000000E+00   0.000000E+00   1.618602E+09   7.119803E+05   7.652232E+09   2.202317E+06
   78   3.000000E+01   1.157511E+09   1.768714E+05   0.000000E+00   0.000000E+00   0.000000E+00   0.000000E+00   0.000000E+00   0.000000E+00   4.658173E+09   1.150025E+06   0.000000E+00   0.000000E+00   2.614339E+08   1.227063E+05   0.000000E+00   0.000000E+00   1.640020E+09   7.139185E+05   7.717138E+09   2.163521E+06
   79   3.000000E+01   1.162059E+09   1.516121E+05   0.000000E+00   0.000000E+00   0.000000E+00   0.000000E+00   0.000000E+00   0.000000E+00   4.692674E+09   1.150025E+06   0.000000E+00   0.000000E+00   2.651271E+08   1.231067E+05   0.000000E+00   0.000000E+00   1.661461E+09   7.147036E+05   7.781321E+09   2.139448E+06
   80   3.000000E+01   1.195609E+09   1.118324E+06   0.000000E+00   0.000000E+00   0.000000E+00   0.000000E+00   0.000000E+00   0.000000E+00   4.792745E+09   3.335707E+06   0.000000E+00   0.000000E+00   2.683835E+08   1.085473E+05   0.000000E+00   0.000000E+00   1.681589E+09   6.709302E+05   7.938327E+09   5.233509E+06
   81   3.000000E+01   1.218985E+09   7.791817E+05   0.000000E+00   0.000000E+00   0.000000E+00   0.000000E+00   0.000000E+00   0.000000E+00   4.892816E+09   3.335707E+06   0.000000E+00   0.000000E+00   2.714881E+08   1.034873E+05   0.000000E+00   0.000000E+00   1.701968E+09   6.793182E+05   8.085257E+09   4.897694E+06
   82   3.000000E+01   1.237275E+09   6.096845E+05   0.000000E+00   0.000000E+00   0.000000E+00   0.000000E+00   0.000000E+00   0.000000E+00   4.992888E+09   3.335707E+06   0.000000E+00   0.000000E+00   2.745145E+08   1.008781E+05   0.000000E+00   0.000000E+00   1.722476E+09   6.835952E+05   8.227154E+09   4.729865E+06
   83   3.000000E+01   1.252507E+09   5.077335E+05   0.000000E+00   0.000000E+00   0.000000E+00   0.000000E+00   0.000000E+00   0.000000E+00   5.092959E+09   3.335707E+06   0.000000E+00   0.000000E+00   2.774972E+08   9.942498E+04   0.000000E+00   0.000000E+00   1.743156E+09   6.893213E+05   8.366119E+09   4.632187E+06
   84   3.000000E+01   1.265784E+09   4.425597E+05   0.000000E+00   0.000000E+00   0.000000E+00   0.000000E+00   0.000000E+00   0.000000E+00   5.193031E+09   3.335707E+06   0.000000E+00   0.000000E+00   2.804568E+08   9.865373E+04   0.000000E+00   0.000000E+00   1.763918E+09   6.920541E+05   8.503189E+09   4.568975E+06
   85   3.000000E+01   1.293809E+09   9.341693E+05   0.000000E+00   0.000000E+00   0.000000E+00   0.000000E+00   0.000000E+00   0.000000E+00   5.227531E+09   1.150025E+06   0.000000E+00   0.000000E+00   2.836059E+08   1.049690E+05   0.000000E+00   0.000000E+00   1.785185E+09   7.089271E+05   8.590131E+09   2.898090E+06
   86   3.000000E+01   1.311116E+09   5.768934E+05   0.000000E+00   0.000000E+00   0.000000E+00   0.000000E+00   0.000000E+00   0.000000E+00   5.262032E+09   1.150025E+06   0.000000E+00   0.000000E+00   2.869498E+08   1.114646E+05   0.000000E+00   0.000000E+00   1.806480E+09   7.098102E+05   8.666577E+09   2.548193E+06
   87   3.000000E+01   1.322933E+09   3.938968E+05   0.000000E+00   0.000000E+00   0.000000E+00   0.000000E+00   0.000000E+00   0.000000E+00   5.296532E+09   1.150025E+06   0.000000E+00   0.000000E+00   2.904597E+08   1.169958E+05   0.000000E+00   0.000000E+00   1.827824E+09   7.114609E+05   8.737749E+09   2.372379E+06
   88   3.000000E+01   1.331496E+09   2.854413E+05   0.000000E+00   0.000000E+00   0.000000E+00   0.000000E+00   0.000000E+00   0.000000E+00   5.331033E+09   1.150025E+06   0.000000E+00   0.000000E+00   2.940630E+08   1.201101E+05   0.000000E+00   0.000000E+00   1.849178E+09   7.118164E+05   8.805770E+09   2.267393E+06
   89   3.000000E+01   1.338061E+09   2.188473E+05   0.000000E+00   0.000000E+00   0.000000E+00   0.000000E+00   0.000000E+00   0.000000E+00   5.365534E+09   1.150025E+06   0.000000E+00   0.000000E+00   2.977176E+08   1.218183E+05   0.000000E+00   0.000000E+00   1.870539E+09   7.120179E+05   8.871851E+09   2.202709E+06
   90   3.000000E+01   1.343379E+09   1.772586E+05   0.000000E+00   0.000000E+00   0.000000E+00   0.000000E+00   0.000000E+00   0.000000E+00   5.400034E+09   1.150025E+06   0.000000E+00   0.000000E+00   3.013986E+08   1.227014E+05   0.000000E+00   0.000000E+00   1.891958E+09   7.139744E+05   8.936770E+09   2.163960E+06
   91   3.000000E+01   1.347938E+09   1.519738E+05   0.000000E+00   0.000000E+00   0.000000E+00   0.000000E+00   0.000000E+00   0.000000E+00   5.434535E+09   1.150025E+06   0.000000E+00   0.000000E+00   3.050916E+08   1.231012E+05   0.000000E+00   0.000000E+00   1.913401E+09   7.147598E+05   9.000965E+09   2.139860E+06
   92   3.000000E+01   1.381491E+09   1.118426E+06   0.000000E+00   0.000000E+00   0.000000E+00   0.000000E+00   0.000000E+00   0.000000E+00   5.534606E+09   3.335707E+06   0.000000E+00   0.000000E+00   3.083479E+08   1.085427E+05   0.000000E+00   0.000000E+00   1.933528E+09   6.708974E+05   9.157973E+09   5.233573E+06
   93   3.000000E+01   1.404869E+09   7.792589E+05   0.000000E+00   0.000000E+00   0.000000E+00   0.000000E+00   0.000000E+00   0.000000E+00   5.634678E+09   3.335707E+06   0.000000E+00   0.000000E+00   3.114525E+08   1.034860E+05   0.000000E+00   0.000000E+00   1.953906E+09   6.792805E+05   9.304905E+09   4.897733E+06
   94   3.000000E+01   1.423161E+09   6.097408E+05   0.000000E+00   0.000000E+00   0.000000E+00   0.000000E+00   0.000000E+00   0.000000E+00   5.734749E+09   3.335707E+06   0.000000E+00   0.000000E+00   3.144788E+08   1.008765E+05   0.000000E+00   0.000000E+00   1.974413E+09   6.835560E+05   9.446801E+09   4.729881E+06
   95   3.000000E+01   1.438394E+09   5.077779E+05   0.000000E+00   0.000000E+00   0.000000E+00   0.000000E+00   0.000000E+00   0.000000E+00   5.834821E+09   3.335707E+06   0.000000E+00   0.000000E+00   3.174615E+08   9.942354E+04   0.000000E+00   0.000000E+00   1.995091E+09   6.892833E+05   9.585767E+09   4.632192E+06
   96   3.000000E+01   1.451672E+09   4.425742E+05   0.000000E+00   0.000000E+00   0.000000E+00   0.000000E+00   0.000000E+00   0.000000E+00   5.934892E+09   3.335707E+06   0.000000E+00   0.000000E+00   3.204211E+08   9.865195E+04   0.000000E+00   0.000000E+00   2.015852E+09   6.920277E+05   9.722837E+09   4.568961E+06
   97   3.000000E+01   1.479705E+09   9.344618E+05   0.000000E+00   0.000000E+00   0.000000E+00   0.000000E+00   0.000000E+00   0.000000E+00   5.969393E+09   1.150025E+06   0.000000E+00   0.000000E+00   3.235701E+08   1.049678E+05   0.000000E+00   0.000000E+00   2.037118E+09   7.088735E+05   9.809786E+09   2.898328E+06
   98   3.000000E+01   1.497021E+09   5.771820E+05   0.000000E+00   0.000000E+00   0.000000E+00   0.000000E+00   0.000000E+00   0.000000E+00   6.003893E+09   1.150025E+06   0.000000E+00   0.000000E+00   3.269139E+08   1.114590E+05   0.000000E+00   0.000000E+00   2.058411E+09   7.097576E+05   9.886239E+09   2.548424E+06
   99   3.000000E+01   1.508847E+09   3.942226E+05   0.000000E+00   0.000000E+00   0.000000E+00   0.000000E+00   0.000000E+00   0.000000E+00   6.038394E+09   1.150025E+06   0.000000E+00   0.000000E+00   3.304236E+08   1.169911E+05   0.000000E+00   0.000000E+00   2.079753E+09   7.114038E+05   9.957418E+09   2.372643E+06
  100   3.000000E+01   1.517420E+09   2.857561E+05   0.000000E+00   0.000000E+00   0.000000E+00   0.000000E+00   0.000000E+00   0.000000E+00   6.072894E+09   1.150025E+06   0.000000E+00   0.000000E+00   3.340268E+08   1.201064E+05   0.000000E+00   0.000000E+00   2.101106E+09   7.117681E+05   1.002545E+10   2.267656E+06
  101   3.000000E+01   1.523996E+09   2.191797E+05   0.000000E+00   0.000000E+00   0.000000E+00   0.000000E+00   0.000000E+00   0.000000E+00   6.107395E+09   1.150025E+06   0.000000E+00   0.000000E+00   3.376812E+08   1.218127E+05   0.000000E+00   0.000000E+00   2.122468E+09   7.120609E+05   1.009154E+10   2.203078E+06
  102   3.000000E+01   1.529321E+09   1.775225E+05   0.000000E+00   0.000000E+00   0.000000E+00   0.000000E+00   0.000000E+00   0.000000E+00   6.141896E+09   1.150025E+06   0.000000E+00   0.000000E+00   3.413621E+08   1.226976E+05   0.000000E+00   0.000000E+00   2.143889E+09   7.140346E+05   1.015647E+10   2.164280E+06
  103   3.000000E+01   1.533890E+09   1.522965E+05   0.000000E+00   0.000000E+00   0.000000E+00   0.000000E+00   0.000000E+00   0.000000E+00   6.176396E+09   1.150025E+06   0.000000E+00   0.000000E+00   3.450550E+08   1.230966E+05   0.000000E+00   0.000000E+00   2.165334E+09   7.148188E+05   1.022068E+10   2.140237E+06
  104   3.000000E+01   1.567445E+09   1.118503E+06   0.000000E+00   0.000000E+00   0.000000E+00   0.000000E+00   0.000000E+00   0.000000E+00   6.276468E+09   3.335707E+06   0.000000E+00   0.000000E+00   3.483111E+08   1.085363E+05   0.000000E+00   0.000000E+00   2.185459E+09   6.708408E+05   1.037768E+10   5.233587E+06
  105   3.000000E+01   1.590825E+09   7.793336E+05   0.000000E+00   0.000000E+00   0.000000E+00   0.000000E+00   0.000000E+00   0.000000E+00   6.376539E+09   3.335707E+06   0.000000E+00   0.000000E+00   3.514156E+08   1.034842E+05   0.000000E+00   0.000000E+00   2.205836E+09   6.792485E+05   1.052462E+10   4.897774E+06
  106   3.000000E+01   1.609119E+09   6.098104E+05   0.000000E+00   0.000000E+00   0.000000E+00   0.000000E+00   0.000000E+00   0.000000E+00   6.476611E+09   3.335707E+06   0.000000E+00   0.000000E+00   3.544419E+08   1.008748E+05   0.000000E+00   0.000000E+00   2.226341E+09   6.834973E+05   1.066651E+10   4.729890E+06
  107   3.000000E+01   1.624354E+09   5.078311E+05   0.000000E+00   0.000000E+00   0.000000E+00   0.000000E+00   0.000000E+00   0.000000E+00   6.576682E+09   3.335707E+06   0.000000E+00   0.000000E+00   3.574245E+08   9.942277E+04   0.000000E+00   0.000000E+00   2.247018E+09   6.892321E+05   1.080548E+10   4.632193E+06
  108   3.000000E+01   1.637634E+09   4.426448E+05   0.000000E+00   0.000000E+00   0.000000E+00   0.000000E+00   0.000000E+00   0.000000E+00   6.676753E+09   3.335707E+06   0.000000E+00   0.000000E+00   3.603841E+08   9.865134E+04   0.000000E+00   0.000000E+00   2.267778E+09   6.920066E+05   1.094255E+10   4.569010E+06
  109   3.000000E+01   1.665674E+09   9.346916E+05   0.000000E+00   0.000000E+00   0.000000E+00   0.000000E+00   0.000000E+00   0.000000E+00   6.711254E+09   1.150025E+06   0.000000E+00   0.000000E+00   3.635331E+08   1.049668E+05   0.000000E+00   0.000000E+00   2.289043E+09   7.088461E+05   1.102951E+10   2.898530E+06
  110   3.000000E+01   1.682998E+09   5.774695E+05   0.000000E+00   0.000000E+00   0.000000E+00   0.000000E+00   0.000000E+00   0.000000E+00   6.745755E+09   1.150025E+06   0.000000E+00   0.000000E+00   3.668767E+08   1.114523E+05   0.000000E+00   0.000000E+00   2.310334E+09   7.097006E+05   1.110596E+10   2.548648E+06
  111   3.000000E+01   1.694833E+09   3.944944E+05   0.000000E+00   0.000000E+00   0.000000E+00   0.000000E+00   0.000000E+00   0.000000E+00   6.780255E+09   1.150025E+06   0.000000E+00   0.000000E+00   3.703862E+08   1.169850E+05   0.000000E+00   0.000000E+00   2.331675E+09   7.113671E+05   1.117715E+10   2.372872E+06
  112   3.000000E+01   1.703414E+09   2.860168E+05   0.000000E+00   0.000000E+00   0.000000E+00   0.000000E+00   0.000000E+00   0.000000E+00   6.814756E+09   1.150025E+06   0.000000E+00   0.000000E+00   3.739892E+08   1.201002E+05   0.000000E+00   0.000000E+00   2.353027E+09   7.117134E+05   1.124519E+10   2.267855E+06
  113   3.000000E+01   1.709996E+09   2.193963E+05   0.000000E+00   0.000000E+00   0.000000E+00   0.000000E+00   0.000000E+00   0.000000E+00   6.849256E+09   1.150025E+06   0.000000E+00   0.000000E+00   3.776434E+08   1.218061E+05   0.000000E+00   0.000000E+00   2.374389E+09   7.120711E+05   1.131128E+10   2.203299E+06
  114   3.000000E+01   1.715329E+09   1.777702E+05   0.000000E+00   0.000000E+00   0.000000E+00   0.000000E+00   0.000000E+00   0.000000E+00   6.883757E+09   1.150025E+06   0.000000E+00   0.000000E+00   3.813241E+08   1.226915E+05   0.000000E+00   0.000000E+00   2.395811E+09   7.140785E+05   1.137622E+10   2.164565E+06
  115   3.000000E+01   1.719904E+09   1.524980E+05   0.000000E+00   0.000000E+00   0.000000E+00   0.000000E+00   0.000000E+00   0.000000E+00   6.918258E+09   1.150025E+06   0.000000E+00   0.000000E+00   3.850168E+08   1.230906E+05   0.000000E+00   0.000000E+00   2.417257E+09   7.148549E+05   1.144044E+10   2.140469E+06
  116   3.000000E+01   1.753462E+09   1.118605E+06   0.000000E+00   0.000000E+00   0.000000E+00   0.000000E+00   0.000000E+00   0.000000E+00   7.018329E+09   3.335707E+06   0.000000E+00   0.000000E+00   3.882728E+08   1.085320E+05   0.000000E+00   0.000000E+00   2.437381E+09   6.708134E+05   1.159745E+10   5.233658E+06
  117   3.000000E+01   1.776844E+09   7.793926E+05   0.000000E+00   0.000000E+00   0.000000E+00   0.000000E+00   0.000000E+00   0.000000E+00   7.118401E+09   3.335707E+06   0.000000E+00   0.000000E+00   3.913773E+08   1.034831E+05   0.000000E+00   0.000000E+00   2.457759E+09   6.792441E+05   1.174438E+10   4.897827E+06
  118   3.000000E+01   1.795139E+09   6.098458E+05   0.000000E+00   0.000000E+00   0.000000E+00   0.000000E+00   0.000000E+00   0.000000E+00   7.218472E+09   3.335707E+06   0.000000E+00   0.000000E+00   3.944035E+08   1.008732E+05   0.000000E+00   0.000000E+00   2.478263E+09   6.834681E+05   1.188628E+10   4.729894E+06
  119   3.000000E+01   1.810376E+09   5.078880E+05   0.000000E+00   0.000000E+00   0.000000E+00   0.000000E+00   0.000000E+00   0.000000E+00   7.318543E+09   3.335707E+06   0.000000E+00   0.000000E+00   3.973861E+08   9.942201E+04   0.000000E+00   0.000000E+00   2.498938E+09   6.891783E+05   1.202524E+10   4.632195E+06
  120   3.000000E+01   1.823656E+09   4.426750E+05   0.000000E+00   0.000000E+00   0.000000E+00   0.000000E+00   0.000000E+00   0.000000E+00   7.418615E+09   3.335707E+06   0.000000E+00   0.000000E+00   4.003457E+08   9.865017E+04   0.000000E+00   0.000000E+00   2.519697E+09   6.919779E+05   1.216231E+10   4.569010E+06
