   TS TIME STEP (hrs)    STORAGE          RATE         CONST HD         RATE          WELL            RATE         DRAIN            RATE        RECHARGE          RATE           ET             RATE          RIVER           RATE        HD DEP BND        RATE         STREAM           RATE          TOTAL           RATE     
    1   3.000000E+01   1.311728E+07   4.372425E+05   0.000000E+00   0.000000E+00   0.000000E+00   0.000000E+00   0.000000E+00   0.000000E+00   3.450075E+07   1.150025E+06   0.000000E+00   0.000000E+00   3.669222E+06   1.223074E+05   0.000000E+00   0.000000E+00   2.130435E+07   7.101449E+05   7.259159E+07   2.419720E+06
    2   3.000000E+01   2.182338E+07   2.902037E+05   0.000000E+00   0.000000E+00   0.000000E+00   0.000000E+00   0.000000E+00   0.000000E+00   6.900150E+07   1.150025E+06   0.000000E+00   0.000000E+00   7.195515E+06   1.175431E+05   0.000000E+00   0.000000E+00   4.264776E+07   7.114471E+05   1.406682E+08   2.269219E+06
    3   3.000000E+01   2.836650E+07   2.181038E+05   0.000000E+00   0.000000E+00   0.000000E+00   0.000000E+00   0.000000E+00   0.000000E+00   1.035023E+08   1.150025E+06   0.000000E+00   0.000000E+00   1.080005E+07   1.201512E+05   0.000000E+00   0.000000E+00   6.400754E+07   7.119927E+05   2.066764E+08   2.200273E+06
    4   3.000000E+01   3.364484E+07   1.759446E+05   0.000000E+00   0.000000E+00   0.000000E+00   0.000000E+00   0.000000E+00   0.000000E+00   1.380030E+08   1.150025E+06   0.000000E+00   0.000000E+00   1.444713E+07   1.215692E+05   0.000000E+00   0.000000E+00   8.539101E+07   7.127823E+05   2.714860E+08   2.160321E+06
    5   3.000000E+01   3.817248E+07   1.509215E+05   0.000000E+00   0.000000E+00   0.000000E+00   0.000000E+00   0.000000E+00   0.000000E+00   1.725038E+08   1.150025E+06   0.000000E+00   0.000000E+00   1.811617E+07   1.223014E+05   0.000000E+00   0.000000E+00   1.067900E+08   7.132991E+05   3.355824E+08   2.136547E+06
    6   3.000000E+01   4.220021E+07   1.342577E+05   0.000000E+00   0.000000E+00   0.000000E+00   0.000000E+00   0.000000E+00   0.000000E+00   2.070045E+08   1.150025E+06   0.000000E+00   0.000000E+00   2.179513E+07   1.226320E+05   0.000000E+00   0.000000E+00   1.282008E+08   7.136958E+05   3.992007E+08   2.120611E+06
    7   3.000000E+01   4.587602E+07   1.225269E+05   0.000000E+00   0.000000E+00   0.000000E+00   0.000000E+00   0.000000E+00   0.000000E+00   2.415053E+08   1.150025E+06   0.000000E+00   0.000000E+00   2.547702E+07   1.227296E+05   0.000000E+00   0.000000E+00   1.496070E+08   7.135374E+05   4.624653E+08   2.108819E+06
    8   3.000000E+01   5.440079E+07   2.841591E+05   0.000000E+00   0.000000E+00   0.000000E+00   0.000000E+00   0.000000E+00   0.000000E+00   3.415765E+08   3.335707E+06   0.000000E+00   0.000000E+00   2.869253E+07   1.071837E+05   0.000000E+00   0.000000E+00   1.688250E+08   6.406010E+05   5.934948E+08   4.367651E+06
    9   3.000000E+01   5.894766E+07   1.515622E+05   0.000000E+00   0.000000E+00   0.000000E+00   0.000000E+00   0.000000E+00   0.000000E+00   4.416477E+08   3.335707E+06   0.000000E+00   0.000000E+00   3.175815E+07   1.021874E+05   0.000000E+00   0.000000E+00   1.879260E+08   6.367009E+05   7.202796E+08   4.226158E+06
   10   3.000000E+01   6.161166E+07   8.879995E+04   0.000000E+00   0.000000E+00   0.000000E+00   0.000000E+00   0.000000E+00   0.000000E+00   5.417189E+08   3.335707E+06   0.000000E+00   0.000000E+00   3.472963E+07   9.904934E+04   0.000000E+00   0.000000E+00   2.070477E+08   6.373896E+05   8.451079E+08   4.160946E+06
   11   3.000000E+01   6.324931E+07   5.458831E+04   0.000000E+00   0.000000E+00   0.000000E+00   0.000000E+00   0.000000E+00   0.000000E+00   6.417901E+08   3.335707E+06   0.000000E+00   0.000000E+00   3.764089E+07   9.704186E+04   0.000000E+00   0.000000E+00   2.263786E+08   6.443626E+05   9.690589E+08   4.131700E+06
   12   3.000000E+01   6.428336E+07   3.446827E+04   0.000000E+00   0.000000E+00   0.000000E+00   0.000000E+00   0.000000E+00   0.000000E+00   7.418614E+08   3.335707E+06   0.000000E+00   0.000000E+00   4.051183E+07   9.569816E+04   0.000000E+00   0.000000E+00   2.458273E+08   6.482901E+05   1.092484E+09   4.114164E+06
   13   3.000000E+01   9.562022E+07   1.044562E+06   0.000000E+00   0.000000E+00   0.000000E+00   0.000000E+00   0.000000E+00   0.000000E+00   7.763621E+08   1.150025E+06   0.000000E+00   0.000000E+00   4.356500E+07   1.017722E+05   0.000000E+00   0.000000E+00   2.664960E+08   6.889559E+05   1.182043E+09   2.985315E+06
   14   3.000000E+01   1.186311E+08   7.670301E+05   0.000000E+00   0.000000E+00   0.000000E+00   0.000000E+00   0.000000E+00   0.000000E+00   8.108628E+08   1.150025E+06   0.000000E+00   0.000000E+00   4.674072E+07   1.058574E+05   0.000000E+00   0.000000E+00   2.872862E+08   6.930078E+05   1.263521E+09   2.715920E+06
   15   3.000000E+01   1.365800E+08   5.982974E+05   0.000000E+00   0.000000E+00   0.000000E+00   0.000000E+00   0.000000E+00   0.000000E+00   8.453636E+08   1.150025E+06   0.000000E+00   0.000000E+00   4.999775E+07   1.085677E+05   0.000000E+00   0.000000E+00   3.082001E+08   6.971306E+05   1.340142E+09   2.554021E+06
   16   3.000000E+01   1.510789E+08   4.832965E+05   0.000000E+00   0.000000E+00   0.000000E+00   0.000000E+00   0.000000E+00   0.000000E+00   8.798643E+08   1.150025E+06   0.000000E+00   0.000000E+00   5.335403E+07   1.118759E+05   0.000000E+00   0.000000E+00   3.292124E+08   7.004081E+05   1.413510E+09   2.445606E+06
   17   3.000000E+01   1.631795E+08   4.033507E+05   0.000000E+00   0.000000E+00   0.000000E+00   0.000000E+00   0.000000E+00   0.000000E+00   9.143651E+08   1.150025E+06   0.000000E+00   0.000000E+00   5.677560E+07   1.140523E+05   0.000000E+00   0.000000E+00   3.502737E+08   7.020448E+05   1.484594E+09   2.369473E+06
   18   3.000000E+01   1.735349E+08   3.451807E+05   0.000000E+00   0.000000E+00   0.000000E+00   0.000000E+00   0.000000E+00   0.000000E+00   9.488658E+08   1.150025E+06   0.000000E+00   0.000000E+00   6.023976E+07   1.154719E+05   0.000000E+00   0.000000E+00   3.713793E+08   7.035201E+05   1.554020E+09   2.314198E+06
   19   3.000000E+01   1.825761E+08   3.013742E+05   0.000000E+00   0.000000E+00   0.000000E+00   0.000000E+00   0.000000E+00   0.000000E+00   9.833665E+08   1.150025E+06   0.000000E+00   0.000000E+00   6.373208E+07   1.164107E+05   0.000000E+00   0.000000E+00   3.925547E+08   7.058439E+05   1.622229E+09   2.273654E+06
   20   3.000000E+01   1.916841E+08   3.036011E+05   0.000000E+00   0.000000E+00   0.000000E+00   0.000000E+00   0.000000E+00   0.000000E+00   1.083438E+09   3.335707E+06   0.000000E+00   0.000000E+00   6.688866E+07   1.052195E+05   0.000000E+00   0.000000E+00   4.114613E+08   6.302229E+05   1.753472E+09   4.374751E+06
   21   3.000000E+01   1.967513E+08   1.689056E+05   0.000000E+00   0.000000E+00   0.000000E+00   0.000000E+00   0.000000E+00   0.000000E+00   1.183509E+09   3.335707E+06   0.000000E+00   0.000000E+00   6.990409E+07   1.005143E+05   0.000000E+00   0.000000E+00   4.305121E+08   6.350248E+05   1.880676E+09   4.240152E+06
   22   3.000000E+01   1.999050E+08   1.051232E+05   0.000000E+00   0.000000E+00   0.000000E+00   0.000000E+00   0.000000E+00   0.000000E+00   1.283580E+09   3.335707E+06   0.000000E+00   0.000000E+00   7.283168E+07   9.758641E+04   0.000000E+00   0.000000E+00   4.497590E+08   6.415652E+05   2.006076E+09   4.179982E+06
   23   3.000000E+01   2.019772E+08   6.907152E+04   0.000000E+00   0.000000E+00   0.000000E+00   0.000000E+00   0.000000E+00   0.000000E+00   1.383651E+09   3.335707E+06   0.000000E+00   0.000000E+00   7.570308E+07   9.571342E+04   0.000000E+00   0.000000E+00   4.691315E+08   6.457476E+05   2.130463E+09   4.146240E+06
   24   3.000000E+01   2.033913E+08   4.713776E+04   0.000000E+00   0.000000E+00   0.000000E+00   0.000000E+00   0.000000E+00   0.000000E+00   1.483722E+09   3.335707E+06   0.000000E+00   0.000000E+00   7.853899E+07   9.453033E+04   0.000000E+00   0.000000E+00   4.885978E+08   6.488771E+05   2.254250E+09   4.126252E+06
   25   3.000000E+01   2.374319E+08   1.134687E+06   0.000000E+00   0.000000E+00   0.000000E+00   0.000000E+00   0.000000E+00   0.000000E+00   1.518223E+09   1.150025E+06   0.000000E+00   0.000000E+00   8.156135E+07   1.007453E+05   0.000000E+00   0.000000E+00   5.090734E+08   6.825216E+05   2.346290E+09   3.067979E+06
   26   3.000000E+01   2.630074E+08   8.525184E+05   0.000000E+00   0.000000E+00   0.000000E+00   0.000000E+00   0.000000E+00   0.000000E+00   1.552724E+09   1.150025E+06   0.000000E+00   0.000000E+00   8.470716E+07   1.048602E+05   0.000000E+00   0.000000E+00   5.295590E+08   6.828526E+05   2.429997E+09   2.790256E+06
   27   3.000000E+01   2.832873E+08   6.759944E+05   0.000000E+00   0.000000E+00   0.000000E+00   0.000000E+00   0.000000E+00   0.000000E+00   1.587225E+09   1.150025E+06   0.000000E+00   0.000000E+00   8.793368E+07   1.075507E+05   0.000000E+00   0.000000E+00   5.502396E+08   6.893536E+05   2.508685E+09   2.622924E+06
   28   3.000000E+01   2.998981E+08   5.536964E+05   0.000000E+00   0.000000E+00   0.000000E+00   0.000000E+00   0.000000E+00   0.000000E+00   1.621725E+09   1.150025E+06   0.000000E+00   0.000000E+00   9.121373E+07   1.093348E+05   0.000000E+00   0.000000E+00   5.711188E+08   6.959723E+05   2.583956E+09   2.509029E+06
   29   3.000000E+01   3.139060E+08   4.669297E+05   0.000000E+00   0.000000E+00   0.000000E+00   0.000000E+00   0.000000E+00   0.000000E+00   1.656226E+09   1.150025E+06   0.000000E+00   0.000000E+00   9.456357E+07   1.116612E+05   0.000000E+00   0.000000E+00   5.920895E+08   6.990227E+05   2.656785E+09   2.427639E+06
   30   3.000000E+01   3.259889E+08   4.027627E+05   0.000000E+00   0.000000E+00   0.000000E+00   0.000000E+00   0.000000E+00   0.000000E+00   1.690727E+09   1.150025E+06   0.000000E+00   0.000000E+00   9.796037E+07   1.132267E+05   0.000000E+00   0.000000E+00   6.131102E+08   7.006919E+05   2.727786E+09   2.366706E+06
   31   3.000000E+01   3.366177E+08   3.542931E+05   0.000000E+00   0.000000E+00   0.000000E+00   0.000000E+00   0.000000E+00   0.000000E+00   1.725228E+09   1.150025E+06   0.000000E+00   0.000000E+00   1.013895E+08   1.143030E+05   0.000000E+00   0.000000E+00   6.341695E+08   7.019774E+05   2.797404E+09   2.320599E+06
   32   3.000000E+01   3.463755E+08   3.252588E+05   0.000000E+00   0.000000E+00   0.000000E+00   0.000000E+00   0.000000E+00   0.000000E+00   1.825299E+09   3.335707E+06   0.000000E+00   0.000000E+00   1.045246E+08   1.045063E+05   0.000000E+00   0.000000E+00   6.530239E+08   6.284784E+05   2.929223E+09   4.393951E+06
   33   3.000000E+01   3.520600E+08   1.894853E+05   0.000000E+00   0.000000E+00   0.000000E+00   0.000000E+00   0.000000E+00   0.000000E+00   1.925370E+09   3.335707E+06   0.000000E+00   0.000000E+00   1.075205E+08   9.986141E+04   0.000000E+00   0.000000E+00   6.720205E+08   6.332221E+05   3.056971E+09   4.258276E+06
   34   3.000000E+01   3.557736E+08   1.237860E+05   0.000000E+00   0.000000E+00   0.000000E+00   0.000000E+00   0.000000E+00   0.000000E+00   2.025441E+09   3.335707E+06   0.000000E+00   0.000000E+00   1.104298E+08   9.697779E+04   0.000000E+00   0.000000E+00   6.912186E+08   6.399362E+05   3.182863E+09   4.196407E+06
   35   3.000000E+01   3.583463E+08   8.575710E+04   0.000000E+00   0.000000E+00   0.000000E+00   0.000000E+00   0.000000E+00   0.000000E+00   2.125512E+09   3.335707E+06   0.000000E+00   0.000000E+00   1.132848E+08   9.516715E+04   0.000000E+00   0.000000E+00   7.105912E+08   6.457543E+05   3.307735E+09   4.162386E+06
   36   3.000000E+01   3.602174E+08   6.236870E+04   0.000000E+00   0.000000E+00   0.000000E+00   0.000000E+00   0.000000E+00   0.000000E+00   2.225583E+09   3.335707E+06   0.000000E+00   0.000000E+00   1.161057E+08   9.402762E+04   0.000000E+00   0.000000E+00   7.300278E+08   6.478843E+05   3.431934E+09   4.139988E+06
   37   3.000000E+01   3.950961E+08   1.162624E+06   0.000000E+00   0.000000E+00   0.000000E+00   0.000000E+00   0.000000E+00   0.000000E+00   2.260084E+09   1.150025E+06   0.000000E+00   0.000000E+00   1.191142E+08   1.002848E+05   0.000000E+00   0.000000E+00   7.503906E+08   6.787604E+05   3.524685E+09   3.091694E+06
   38   3.000000E+01   4.214539E+08   8.785929E+05   0.000000E+00   0.000000E+00   0.000000E+00   0.000000E+00   0.000000E+00   0.000000E+00   2.294585E+09   1.150025E+06   0.000000E+00   0.000000E+00   1.222464E+08   1.044053E+05   0.000000E+00   0.000000E+00   7.707564E+08   6.788600E+05   3.609042E+09   2.811883E+06
   39   3.000000E+01   4.425249E+08   7.023664E+05   0.000000E+00   0.000000E+00   0.000000E+00   0.000000E+00   0.000000E+00   0.000000E+00   2.329086E+09   1.150025E+06   0.000000E+00   0.000000E+00   1.254592E+08   1.070953E+05   0.000000E+00   0.000000E+00   7.912995E+08   6.847698E+05   3.688370E+09   2.644257E+06
   40   3.000000E+01   4.599177E+08   5.797591E+05   0.000000E+00   0.000000E+00   0.000000E+00   0.000000E+00   0.000000E+00   0.000000E+00   2.363587E+09   1.150025E+06   0.000000E+00   0.000000E+00   1.287190E+08   1.086592E+05   0.000000E+00   0.000000E+00   8.120291E+08   6.909846E+05   3.764253E+09   2.529428E+06
   41   3.000000E+01   4.746289E+08   4.903740E+05   0.000000E+00   0.000000E+00   0.000000E+00   0.000000E+00   0.000000E+00   0.000000E+00   2.398088E+09   1.150025E+06   0.000000E+00   0.000000E+00   1.320339E+08   1.104966E+05   0.000000E+00   0.000000E+00   8.329186E+08   6.963187E+05   3.837669E+09   2.447214E+06
   42   3.000000E+01   4.873850E+08   4.252039E+05   0.000000E+00   0.000000E+00   0.000000E+00   0.000000E+00   0.000000E+00   0.000000E+00   2.432589E+09   1.150025E+06   0.000000E+00   0.000000E+00   1.353972E+08   1.121099E+05   0.000000E+00   0.000000E+00   8.539016E+08   6.994354E+05   3.909272E+09   2.386774E+06
   43   3.000000E+01   4.986750E+08   3.763340E+05   0.000000E+00   0.000000E+00   0.000000E+00   0.000000E+00   0.000000E+00   0.000000E+00   2.467089E+09   1.150025E+06   0.000000E+00   0.000000E+00   1.387941E+08   1.132308E+05   0.000000E+00   0.000000E+00   8.749147E+08   7.004342E+05   3.979473E+09   2.340024E+06
   44   3.000000E+01   5.088391E+08   3.388031E+05   0.000000E+00   0.000000E+00   0.000000E+00   0.000000E+00   0.000000E+00   0.000000E+00   2.567161E+09   3.335707E+06   0.000000E+00   0.000000E+00   1.419182E+08   1.041346E+05   0.000000E+00   0.000000E+00   8.936976E+08   6.260969E+05   4.111615E+09   4.404742E+06
   45   3.000000E+01   5.148886E+08   2.016500E+05   0.000000E+00   0.000000E+00   0.000000E+00   0.000000E+00   0.000000E+00   0.000000E+00   2.667232E+09   3.335707E+06   0.000000E+00   0.000000E+00   1.449036E+08   9.951454E+04   0.000000E+00   0.000000E+00   9.126513E+08   6.317888E+05   4.239675E+09   4.268661E+06
   46   3.000000E+01   5.189455E+08   1.352295E+05   0.000000E+00   0.000000E+00   0.000000E+00   0.000000E+00   0.000000E+00   0.000000E+00   2.767303E+09   3.335707E+06   0.000000E+00   0.000000E+00   1.478030E+08   9.664820E+04   0.000000E+00   0.000000E+00   9.318392E+08   6.395977E+05   4.365891E+09   4.207183E+06
   47   3.000000E+01   5.218474E+08   9.672808E+04   0.000000E+00   0.000000E+00   0.000000E+00   0.000000E+00   0.000000E+00   0.000000E+00   2.867374E+09   3.335707E+06   0.000000E+00   0.000000E+00   1.506490E+08   9.486566E+04   0.000000E+00   0.000000E+00   9.511517E+08   6.437517E+05   4.491022E+09   4.171053E+06
   48   3.000000E+01   5.240271E+08   7.265732E+04   0.000000E+00   0.000000E+00   0.000000E+00   0.000000E+00   0.000000E+00   0.000000E+00   2.967445E+09   3.335707E+06   0.000000E+00   0.000000E+00   1.534613E+08   9.374170E+04   0.000000E+00   0.000000E+00   9.701860E+08   6.344772E+05   4.615120E+09   4.136583E+06
   49   3.000000E+01   5.592612E+08   1.174469E+06   0.000000E+00   0.000000E+00   0.000000E+00   0.000000E+00   0.000000E+00   0.000000E+00   3.001946E+09   1.150025E+06   0.000000E+00   0.000000E+00   1.564618E+08   1.000164E+05   0.000000E+00   0.000000E+00   9.905368E+08   6.783572E+05   4.708206E+09   3.102868E+06
   50   3.000000E+01   5.859225E+08   8.887111E+05   0.000000E+00   0.000000E+00   0.000000E+00   0.000000E+00   0.000000E+00   0.000000E+00   3.036447E+09   1.150025E+06   0.000000E+00   0.000000E+00   1.595861E+08   1.041435E+05   0.000000E+00   0.000000E+00   1.010833E+09   6.765374E+05   4.792788E+09   2.819417E+06
   51   3.000000E+01   6.073285E+08   7.135335E+05   0.000000E+00   0.000000E+00   0.000000E+00   0.000000E+00   0.000000E+00   0.000000E+00   3.070948E+09   1.150025E+06   0.000000E+00   0.000000E+00   1.627913E+08   1.068424E+05   0.000000E+00   0.000000E+00   1.031300E+09   6.822344E+05   4.872368E+09   2.652635E+06
   52   3.000000E+01   6.250748E+08   5.915437E+05   0.000000E+00   0.000000E+00   0.000000E+00   0.000000E+00   0.000000E+00   0.000000E+00   3.105449E+09   1.150025E+06   0.000000E+00   0.000000E+00   1.660430E+08   1.083903E+05   0.000000E+00   0.000000E+00   1.051935E+09   6.878328E+05   4.948502E+09   2.537792E+06
   53   3.000000E+01   6.401548E+08   5.026657E+05   0.000000E+00   0.000000E+00   0.000000E+00   0.000000E+00   0.000000E+00   0.000000E+00   3.139950E+09   1.150025E+06   0.000000E+00   0.000000E+00   1.693377E+08   1.098212E+05   0.000000E+00   0.000000E+00   1.072741E+09   6.935320E+05   5.022183E+09   2.456044E+06
   54   3.000000E+01   6.532660E+08   4.370388E+05   0.000000E+00   0.000000E+00   0.000000E+00   0.000000E+00   0.000000E+00   0.000000E+00   3.174450E+09   1.150025E+06   0.000000E+00   0.000000E+00   1.726812E+08   1.114510E+05   0.000000E+00   0.000000E+00   1.093667E+09   6.975421E+05   5.094065E+09   2.396057E+06
   55   3.000000E+01   6.648998E+08   3.877940E+05   0.000000E+00   0.000000E+00   0.000000E+00   0.000000E+00   0.000000E+00   0.000000E+00   3.208951E+09   1.150025E+06   0.000000E+00   0.000000E+00   1.760591E+08   1.125946E+05   0.000000E+00   0.000000E+00   1.114645E+09   6.992641E+05   5.164555E+09   2.349678E+06
   56   3.000000E+01   6.753363E+08   3.478844E+05   0.000000E+00   0.000000E+00   0.000000E+00   0.000000E+00   0.000000E+00   0.000000E+00   3.309022E+09   3.335707E+06   0.000000E+00   0.000000E+00   1.791763E+08   1.039066E+05   0.000000E+00   0.000000E+00   1.133352E+09   6.235518E+05   5.296887E+09   4.411050E+06
   57   3.000000E+01   6.816052E+08   2.089626E+05   0.000000E+00   0.000000E+00   0.000000E+00   0.000000E+00   0.000000E+00   0.000000E+00   3.409094E+09   3.335707E+06   0.000000E+00   0.000000E+00   1.821553E+08   9.930288E+04   0.000000E+00   0.000000E+00   1.152274E+09   6.307478E+05   5.425128E+09   4.274721E+06
   58   3.000000E+01   6.858679E+08   1.420912E+05   0.000000E+00   0.000000E+00   0.000000E+00   0.000000E+00   0.000000E+00   0.000000E+00   3.509165E+09   3.335707E+06   0.000000E+00   0.000000E+00   1.850488E+08   9.644694E+04   0.000000E+00   0.000000E+00   1.171448E+09   6.391311E+05   5.551529E+09   4.213376E+06
   59   3.000000E+01   6.889692E+08   1.033762E+05   0.000000E+00   0.000000E+00   0.000000E+00   0.000000E+00   0.000000E+00   0.000000E+00   3.609236E+09   3.335707E+06   0.000000E+00   0.000000E+00   1.878891E+08   9.467695E+04   0.000000E+00   0.000000E+00   1.190465E+09   6.339085E+05   5.676559E+09   4.167669E+06
   60   3.000000E+01   6.913421E+08   7.909625E+04   0.000000E+00   0.000000E+00   0.000000E+00   0.000000E+00   0.000000E+00   0.000000E+00   3.709307E+09   3.335707E+06   0.000000E+00   0.000000E+00   1.906958E+08   9.355909E+04   0.000000E+00   0.000000E+00   1.209112E+09   6.215615E+05   5.800457E+09   4.129924E+06
   61   3.000000E+01   7.268279E+08   1.182861E+06   0.000000E+00   0.000000E+00   0.000000E+00   0.000000E+00   0.000000E+00   0.000000E+00   3.743808E+09   1.150025E+06   0.000000E+00   0.000000E+00   1.936911E+08   9.984113E+04   0.000000E+00   0.000000E+00   1.229302E+09   6.729931E+05   5.893629E+09   3.105720E+06
   62   3.000000E+01   7.536084E+08   8.926819E+05   0.000000E+00   0.000000E+00   0.000000E+00   0.000000E+00   0.000000E+00   0.000000E+00   3.778309E+09   1.150025E+06   0.000000E+00   0.000000E+00   1.968102E+08   1.039720E+05   0.000000E+00   0.000000E+00   1.249546E+09   6.747991E+05   5.978273E+09   2.821478E+06
   63   3.000000E+01   7.751496E+08   7.180411E+05   0.000000E+00   0.000000E+00   0.000000E+00   0.000000E+00   0.000000E+00   0.000000E+00   3.812810E+09   1.150025E+06   0.000000E+00   0.000000E+00   2.000105E+08   1.066770E+05   0.000000E+00   0.000000E+00   1.269962E+09   6.805589E+05   6.057932E+09   2.655302E+06
   64   3.000000E+01   7.930575E+08   5.969301E+05   0.000000E+00   0.000000E+00   0.000000E+00   0.000000E+00   0.000000E+00   0.000000E+00   3.847311E+09   1.150025E+06   0.000000E+00   0.000000E+00   2.032570E+08   1.082151E+05   0.000000E+00   0.000000E+00   1.290548E+09   6.861987E+05   6.134174E+09   2.541369E+06
   65   3.000000E+01   8.083229E+08   5.088459E+05   0.000000E+00   0.000000E+00   0.000000E+00   0.000000E+00   0.000000E+00   0.000000E+00   3.881811E+09   1.150025E+06   0.000000E+00   0.000000E+00   2.065385E+08   1.093842E+05   0.000000E+00   0.000000E+00   1.311297E+09   6.916014E+05   6.207969E+09   2.459857E+06
   66   3.000000E+01   8.216303E+08   4.435777E+05   0.000000E+00   0.000000E+00   0.000000E+00   0.000000E+00   0.000000E+00   0.000000E+00   3.916312E+09   1.150025E+06   0.000000E+00   0.000000E+00   2.098693E+08   1.110257E+05   0.000000E+00   0.000000E+00   1.332163E+09   6.955596E+05   6.279975E+09   2.400188E+06
   67   3.000000E+01   8.334567E+08   3.942143E+05   0.000000E+00   0.000000E+00   0.000000E+00   0.000000E+00   0.000000E+00   0.000000E+00   3.950813E+09   1.150025E+06   0.000000E+00   0.000000E+00   2.132347E+08   1.121809E+05   0.000000E+00   0.000000E+00   1.353102E+09   6.979472E+05   6.350606E+09   2.354368E+06
   68   3.000000E+01   8.440711E+08   3.538139E+05   0.000000E+00   0.000000E+00   0.000000E+00   0.000000E+00   0.000000E+00   0.000000E+00   4.050884E+09   3.335707E+06   0.000000E+00   0.000000E+00   2.163475E+08   1.037612E+05   0.000000E+00   0.000000E+00   1.371761E+09   6.219740E+05   6.483064E+09   4.415256E+06
   69   3.000000E+01   8.504790E+08   2.135950E+05   0.000000E+00   0.000000E+00   0.000000E+00   0.000000E+00   0.000000E+00   0.000000E+00   4.150956E+09   3.335707E+06   0.000000E+00   0.000000E+00   2.193223E+08   9.916068E+04   0.000000E+00   0.000000E+00   1.390682E+09   6.306996E+05   6.611439E+09   4.279162E+06
   70   3.000000E+01   8.548691E+08   1.463370E+05   0.000000E+00   0.000000E+00   0.000000E+00   0.000000E+00   0.000000E+00   0.000000E+00   4.251027E+09   3.335707E+06   0.000000E+00   0.000000E+00   2.222116E+08   9.631013E+04   0.000000E+00   0.000000E+00   1.409669E+09   6.329059E+05   6.737776E+09   4.211260E+06
   71   3.000000E+01   8.580983E+08   1.076424E+05   0.000000E+00   0.000000E+00   0.000000E+00   0.000000E+00   0.000000E+00   0.000000E+00   4.351098E+09   3.335707E+06   0.000000E+00   0.000000E+00   2.250480E+08   9.454701E+04   0.000000E+00   0.000000E+00   1.428419E+09   6.249972E+05   6.862663E+09   4.162894E+06
   72   3.000000E+01   8.605953E+08   8.323460E+04   0.000000E+00   0.000000E+00   0.000000E+00   0.000000E+00   0.000000E+00   0.000000E+00   4.451169E+09   3.335707E+06   0.000000E+00   0.000000E+00   2.278510E+08   9.343325E+04   0.000000E+00   0.000000E+00   1.446766E+09   6.115818E+05   6.986382E+09   4.123957E+06
   73   3.000000E+01   8.962760E+08   1.189356E+06   0.000000E+00   0.000000E+00   0.000000E+00   0.000000E+00   0.000000E+00   0.000000E+00   4.485670E+09   1.150025E+06   0.000000E+00   0.000000E+00   2.308427E+08   9.972157E+04   0.000000E+00   0.000000E+00   1.466748E+09   6.660458E+05   7.079536E+09   3.105149E+06
   74   3.000000E+01   9.231614E+08   8.961797E+05   0.000000E+00   0.000000E+00   0.000000E+00   0.000000E+00   0.000000E+00   0.000000E+00   4.520170E+09   1.150025E+06   0.000000E+00   0.000000E+00   2.339583E+08   1.038539E+05   0.000000E+00   0.000000E+00   1.486900E+09   6.717595E+05   7.164191E+09   2.821818E+06
   75   3.000000E+01   9.447471E+08   7.195248E+05   0.000000E+00   0.000000E+00   0.000000E+00   0.000000E+00   0.000000E+00   0.000000E+00   4.554671E+09   1.150025E+06   0.000000E+00   0.000000E+00   2.371551E+08   1.065607E+05   0.000000E+00   0.000000E+00   1.507281E+09   6.793438E+05   7.243854E+09   2.655454E+06
   76   3.000000E+01   9.627229E+08   5.991943E+05   0.000000E+00   0.000000E+00   0.000000E+00   0.000000E+00   0.000000E+00   0.000000E+00   4.589172E+09   1.150025E+06   0.000000E+00   0.000000E+00   2.403980E+08   1.080953E+05   0.000000E+00   0.000000E+00   1.527831E+09   6.850226E+05   7.320124E+09   2.542337E+06
   77   3.000000E+01   9.780801E+08   5.119033E+05   0.000000E+00   0.000000E+00   0.000000E+00   0.000000E+00   0.000000E+00   0.000000E+00   4.623672E+09   1.150025E+06   0.000000E+00   0.000000E+00   2.436721E+08   1.091367E+05   0.000000E+00   0.000000E+00   1.548534E+09   6.900861E+05   7.393958E+09   2.461151E+06
   78   3.000000E+01   9.914939E+08   4.471275E+05   0.000000E+00   0.000000E+00   0.000000E+00   0.000000E+00   0.000000E+00   0.000000E+00   4.658173E+09   1.150025E+06   0.000000E+00   0.000000E+00   2.469941E+08   1.107340E+05   0.000000E+00   0.000000E+00   1.569355E+09   6.940323E+05   7.466016E+09   2.401919E+06
   79   3.000000E+01   1.003425E+09   3.977194E+05   0.000000E+00   0.000000E+00   0.000000E+00   0.000000E+00   0.000000E+00   0.000000E+00   4.692674E+09   1.150025E+06   0.000000E+00   0.000000E+00   2.503510E+08   1.118976E+05   0.000000E+00   0.000000E+00   1.590264E+09   6.969774E+05   7.536714E+09   2.356620E+06
   80   3.000000E+01   1.014157E+09   3.577057E+05   0.000000E+00   0.000000E+00   0.000000E+00   0.000000E+00   0.000000E+00   0.000000E+00   4.792745E+09   3.335707E+06   0.000000E+00   0.000000E+00   2.534608E+08   1.036588E+05   0.000000E+00   0.000000E+00   1.608894E+09   6.210027E+05   7.669257E+09   4.418074E+06
   81   3.000000E+01   1.020653E+09   2.165528E+05   0.000000E+00   0.000000E+00   0.000000E+00   0.000000E+00   0.000000E+00   0.000000E+00   4.892816E+09   3.335707E+06   0.000000E+00   0.000000E+00   2.564327E+08   9.906513E+04   0.000000E+00   0.000000E+00   1.627791E+09   6.298936E+05   7.797693E+09   4.281219E+06
   82   3.000000E+01   1.025126E+09   1.490894E+05   0.000000E+00   0.000000E+00   0.000000E+00   0.000000E+00   0.000000E+00   0.000000E+00   4.992888E+09   3.335707E+06   0.000000E+00   0.000000E+00   2.593192E+08   9.621563E+04   0.000000E+00   0.000000E+00   1.646569E+09   6.259350E+05   7.923902E+09   4.206947E+06
   83   3.000000E+01   1.028438E+09   1.103860E+05   0.000000E+00   0.000000E+00   0.000000E+00   0.000000E+00   0.000000E+00   0.000000E+00   5.092959E+09   3.335707E+06   0.000000E+00   0.000000E+00   2.621529E+08   9.445645E+04   0.000000E+00   0.000000E+00   1.665088E+09   6.172868E+05   8.048637E+09   4.157836E+06
   84   3.000000E+01   1.031017E+09   8.598085E+04   0.000000E+00   0.000000E+00   0.000000E+00   0.000000E+00   0.000000E+00   0.000000E+00   5.193031E+09   3.335707E+06   0.000000E+00   0.000000E+00   2.649532E+08   9.334440E+04   0.000000E+00   0.000000E+00   1.683185E+09   6.032439E+05   8.172186E+09   4.118276E+06
   85   3.000000E+01   1.066829E+09   1.193746E+06   0.000000E+00   0.000000E+00   0.000000E+00   0.000000E+00   0.000000E+00   0.000000E+00   5.227531E+09   1.150025E+06   0.000000E+00   0.000000E+00   2.679422E+08   9.963379E+04   0.000000E+00   0.000000E+00   1.702990E+09   6.601442E+05   8.265292E+09   3.103549E+06
   86   3.000000E+01   1.093817E+09   8.995946E+05   0.000000E+00   0.000000E+00   0.000000E+00   0.000000E+00   0.000000E+00   0.000000E+00   5.262032E+09   1.150025E+06   0.000000E+00   0.000000E+00   2.710553E+08   1.037693E+05   0.000000E+00   0.000000E+00   1.723023E+09   6.677946E+05   8.349927E+09   2.821184E+06
   87   3.000000E+01   1.115454E+09   7.212324E+05   0.000000E+00   0.000000E+00   0.000000E+00   0.000000E+00   0.000000E+00   0.000000E+00   5.296532E+09   1.150025E+06   0.000000E+00   0.000000E+00   2.742496E+08   1.064765E+05   0.000000E+00   0.000000E+00   1.743333E+09   6.769983E+05   8.429570E+09   2.654732E+06
   88   3.000000E+01   1.133450E+09   5.998795E+05   0.000000E+00   0.000000E+00   0.000000E+00   0.000000E+00   0.000000E+00   0.000000E+00   5.331033E+09   1.150025E+06   0.000000E+00   0.000000E+00   2.774899E+08   1.080087E+05   0.000000E+00   0.000000E+00   1.763858E+09   6.841424E+05   8.505831E+09   2.542056E+06
   89   3.000000E+01   1.148851E+09   5.133601E+05   0.000000E+00   0.000000E+00   0.000000E+00   0.000000E+00   0.000000E+00   0.000000E+00   5.365534E+09   1.150025E+06   0.000000E+00   0.000000E+00   2.807614E+08   1.090505E+05   0.000000E+00   0.000000E+00   1.784524E+09   6.888727E+05   8.579670E+09   2.461308E+06
   90   3.000000E+01   1.162324E+09   4.490918E+05   0.000000E+00   0.000000E+00   0.000000E+00   0.000000E+00   0.000000E+00   0.000000E+00   5.400034E+09   1.150025E+06   0.000000E+00   0.000000E+00   2.840771E+08   1.105241E+05   0.000000E+00   0.000000E+00   1.805310E+09   6.928754E+05   8.651745E+09   2.402516E+06
   91   3.000000E+01   1.174321E+09   3.998903E+05   0.000000E+00   0.000000E+00   0.000000E+00   0.000000E+00   0.000000E+00   0.000000E+00   5.434535E+09   1.150025E+06   0.000000E+00   0.000000E+00   2.874279E+08   1.116927E+05   0.000000E+00   0.000000E+00   1.826192E+09   6.960629E+05   8.722476E+09   2.357671E+06
   92   3.000000E+01   1.185133E+09   3.604142E+05   0.000000E+00   0.000000E+00   0.000000E+00   0.000000E+00   0.000000E+00   0.000000E+00   5.534606E+09   3.335707E+06   0.000000E+00   0.000000E+00   2.905354E+08   1.035844E+05   0.000000E+00   0.000000E+00   1.844799E+09   6.202434E+05   8.855075E+09   4.419949E+06
   93   3.000000E+01   1.191691E+09   2.185800E+05   0.000000E+00   0.000000E+00   0.000000E+00   0.000000E+00   0.000000E+00   0.000000E+00   5.634678E+09   3.335707E+06   0.000000E+00   0.000000E+00   2.935052E+08   9.899380E+04   0.000000E+00   0.000000E+00   1.863603E+09   6.267995E+05   8.983477E+09   4.280081E+06
   94   3.000000E+01   1.196218E+09   1.509270E+05   0.000000E+00   0.000000E+00   0.000000E+00   0.000000E+00   0.000000E+00   0.000000E+00   5.734749E+09   3.335707E+06   0.000000E+00   0.000000E+00   2.963895E+08   9.614335E+04   0.000000E+00   0.000000E+00   1.882202E+09   6.199556E+05   9.109559E+09   4.202733E+06
   95   3.000000E+01   1.199586E+09   1.122505E+05   0.000000E+00   0.000000E+00   0.000000E+00   0.000000E+00   0.000000E+00   0.000000E+00   5.834821E+09   3.335707E+06   0.000000E+00   0.000000E+00   2.992211E+08   9.438574E+04   0.000000E+00   0.000000E+00   1.900533E+09   6.110475E+05   9.234162E+09   4.153391E+06
   96   3.000000E+01   1.202222E+09   8.785420E+04   0.000000E+00   0.000000E+00   0.000000E+00   0.000000E+00   0.000000E+00   0.000000E+00   5.934892E+09   3.335707E+06   0.000000E+00   0.000000E+00   3.020194E+08   9.327590E+04   0.000000E+00   0.000000E+00   1.918433E+09   5.966545E+05   9.357566E+09   4.113492E+06
   97   3.000000E+01   1.238126E+09   1.196805E+06   0.000000E+00   0.000000E+00   0.000000E+00   0.000000E+00   0.000000E+00   0.000000E+00   5.969393E+09   1.150025E+06   0.000000E+00   0.000000E+00   3.050065E+08   9.956972E+04   0.000000E+00   0.000000E+00   1.938097E+09   6.554638E+05   9.450622E+09   3.101863E+06
   98   3.000000E+01   1.265185E+09   9.019781E+05   0.000000E+00   0.000000E+00   0.000000E+00   0.000000E+00   0.000000E+00   0.000000E+00   6.003893E+09   1.150025E+06   0.000000E+00   0.000000E+00   3.081176E+08   1.037043E+05   0.000000E+00   0.000000E+00   1.958031E+09   6.644798E+05   9.535227E+09   2.820187E+06
   99   3.000000E+01   1.286881E+09   7.231867E+05   0.000000E+00   0.000000E+00   0.000000E+00   0.000000E+00   0.000000E+00   0.000000E+00   6.038394E+09   1.150025E+06   0.000000E+00   0.000000E+00   3.113100E+08   1.064113E+05   0.000000E+00   0.000000E+00   1.978251E+09   6.739821E+05   9.614836E+09   2.653605E+06
  100   3.000000E+01   1.304897E+09   6.005487E+05   0.000000E+00   0.000000E+00   0.000000E+00   0.000000E+00   0.000000E+00   0.000000E+00   6.072894E+09   1.150025E+06   0.000000E+00   0.000000E+00   3.145483E+08   1.079424E+05   0.000000E+00   0.000000E+00   1.998739E+09   6.829260E+05   9.691079E+09   2.541442E+06
  101   3.000000E+01   1.320319E+09   5.140739E+05   0.000000E+00   0.000000E+00   0.000000E+00   0.000000E+00   0.000000E+00   0.000000E+00   6.107395E+09   1.150025E+06   0.000000E+00   0.000000E+00   3.178178E+08   1.089860E+05   0.000000E+00   0.000000E+00   2.019381E+09   6.880697E+05   9.764913E+09   2.461155E+06
  102   3.000000E+01   1.333826E+09   4.502216E+05   0.000000E+00   0.000000E+00   0.000000E+00   0.000000E+00   0.000000E+00   0.000000E+00   6.141896E+09   1.150025E+06   0.000000E+00   0.000000E+00   3.211288E+08   1.103665E+05   0.000000E+00   0.000000E+00   2.040138E+09   6.919317E+05   9.836989E+09   2.402545E+06
  103   3.000000E+01   1.345868E+09   4.013783E+05   0.000000E+00   0.000000E+00   0.000000E+00   0.000000E+00   0.000000E+00   0.000000E+00   6.176396E+09   1.150025E+06   0.000000E+00   0.000000E+00   3.244749E+08   1.115376E+05   0.000000E+00   0.000000E+00   2.060995E+09   6.952239E+05   9.907734E+09   2.358165E+06
  104   3.000000E+01   1.356739E+09   3.623755E+05   0.000000E+00   0.000000E+00   0.000000E+00   0.000000E+00   0.000000E+00   0.000000E+00   6.276468E+09   3.335707E+06   0.000000E+00   0.000000E+00   3.275808E+08   1.035289E+05   0.000000E+00   0.000000E+00   2.079584E+09   6.196407E+05   1.004037E+10   4.421252E+06
  105   3.000000E+01   1.363338E+09   2.199786E+05   0.000000E+00   0.000000E+00   0.000000E+00   0.000000E+00   0.000000E+00   0.000000E+00   6.376539E+09   3.335707E+06   0.000000E+00   0.000000E+00   3.305489E+08   9.893777E+04   0.000000E+00   0.000000E+00   2.098231E+09   6.215531E+05   1.016866E+10   4.276177E+06
  106   3.000000E+01   1.367905E+09   1.522183E+05   0.000000E+00   0.000000E+00   0.000000E+00   0.000000E+00   0.000000E+00   0.000000E+00   6.476611E+09   3.335707E+06   0.000000E+00   0.000000E+00   3.334315E+08   9.608685E+04   0.000000E+00   0.000000E+00   2.116687E+09   6.151983E+05   1.029463E+10   4.199211E+06
  107   3.000000E+01   1.371310E+09   1.135235E+05   0.000000E+00   0.000000E+00   0.000000E+00   0.000000E+00   0.000000E+00   0.000000E+00   6.576682E+09   3.335707E+06   0.000000E+00   0.000000E+00   3.362615E+08   9.433245E+04   0.000000E+00   0.000000E+00   2.134866E+09   6.059649E+05   1.041912E+10   4.149528E+06
  108   3.000000E+01   1.373985E+09   8.916803E+04   0.000000E+00   0.000000E+00   0.000000E+00   0.000000E+00   0.000000E+00   0.000000E+00   6.676753E+09   3.335707E+06   0.000000E+00   0.000000E+00   3.390583E+08   9.322595E+04   0.000000E+00   0.000000E+00   2.152604E+09   5.912600E+05   1.054240E+10   4.109361E+06
  109   3.000000E+01   1.409965E+09   1.199311E+06   0.000000E+00   0.000000E+00   0.000000E+00   0.000000E+00   0.000000E+00   0.000000E+00   6.711254E+09   1.150025E+06   0.000000E+00   0.000000E+00   3.420439E+08   9.952096E+04   0.000000E+00   0.000000E+00   2.172148E+09   6.514944E+05   1.063541E+10   3.100351E+06
  110   3.000000E+01   1.437076E+09   9.037109E+05   0.000000E+00   0.000000E+00   0.000000E+00   0.000000E+00   0.000000E+00   0.000000E+00   6.745755E+09   1.150025E+06   0.000000E+00   0.000000E+00   3.451536E+08   1.036558E+05   0.000000E+00   0.000000E+00   2.192002E+09   6.617663E+05   1.071999E+10   2.819158E+06
  111   3.000000E+01   1.458821E+09   7.248208E+05   0.000000E+00   0.000000E+00   0.000000E+00   0.000000E+00   0.000000E+00   0.000000E+00   6.780255E+09   1.150025E+06   0.000000E+00   0.000000E+00   3.483370E+08   1.061154E+05   0.000000E+00   0.000000E+00   2.212141E+09   6.713123E+05   1.079955E+10   2.652274E+06
  112   3.000000E+01   1.476887E+09   6.022200E+05   0.000000E+00   0.000000E+00   0.000000E+00   0.000000E+00   0.000000E+00   0.000000E+00   6.814756E+09   1.150025E+06   0.000000E+00   0.000000E+00   3.515737E+08   1.078889E+05   0.000000E+00   0.000000E+00   2.232556E+09   6.805198E+05   1.087577E+10   2.540654E+06
  113   3.000000E+01   1.492325E+09   5.145904E+05   0.000000E+00   0.000000E+00   0.000000E+00   0.000000E+00   0.000000E+00   0.000000E+00   6.849256E+09   1.150025E+06   0.000000E+00   0.000000E+00   3.548417E+08   1.089344E+05   0.000000E+00   0.000000E+00   2.253178E+09   6.873940E+05   1.094960E+10   2.460944E+06
  114   3.000000E+01   1.505855E+09   4.509943E+05   0.000000E+00   0.000000E+00   0.000000E+00   0.000000E+00   0.000000E+00   0.000000E+00   6.883757E+09   1.150025E+06   0.000000E+00   0.000000E+00   3.581490E+08   1.102424E+05   0.000000E+00   0.000000E+00   2.273915E+09   6.912301E+05   1.102168E+10   2.402492E+06
  115   3.000000E+01   1.517926E+09   4.023881E+05   0.000000E+00   0.000000E+00   0.000000E+00   0.000000E+00   0.000000E+00   0.000000E+00   6.918258E+09   1.150025E+06   0.000000E+00   0.000000E+00   3.614915E+08   1.114164E+05   0.000000E+00   0.000000E+00   2.294751E+09   6.945352E+05   1.109243E+10   2.358365E+06
  116   3.000000E+01   1.528841E+09   3.638114E+05   0.000000E+00   0.000000E+00   0.000000E+00   0.000000E+00   0.000000E+00   0.000000E+00   7.018329E+09   3.335707E+06   0.000000E+00   0.000000E+00   3.645960E+08   1.034841E+05   0.000000E+00   0.000000E+00   2.313320E+09   6.189479E+05   1.122509E+10   4.421951E+06
  117   3.000000E+01   1.535471E+09   2.210207E+05   0.000000E+00   0.000000E+00   0.000000E+00   0.000000E+00   0.000000E+00   0.000000E+00   7.118401E+09   3.335707E+06   0.000000E+00   0.000000E+00   3.675628E+08   9.889368E+04   0.000000E+00   0.000000E+00   2.331831E+09   6.170573E+05   1.135327E+10   4.272679E+06
  118   3.000000E+01   1.540066E+09   1.531467E+05   0.000000E+00   0.000000E+00   0.000000E+00   0.000000E+00   0.000000E+00   0.000000E+00   7.218472E+09   3.335707E+06   0.000000E+00   0.000000E+00   3.704441E+08   9.604235E+04   0.000000E+00   0.000000E+00   2.350169E+09   6.112721E+05   1.147915E+10   4.196168E+06
  119   3.000000E+01   1.543499E+09   1.144488E+05   0.000000E+00   0.000000E+00   0.000000E+00   0.000000E+00   0.000000E+00   0.000000E+00   7.318543E+09   3.335707E+06   0.000000E+00   0.000000E+00   3.732728E+08   9.428949E+04   0.000000E+00   0.000000E+00   2.368212E+09   6.014307E+05   1.160353E+10   4.145876E+06
  120   3.000000E+01   1.546203E+09   9.011301E+04   0.000000E+00   0.000000E+00   0.000000E+00   0.000000E+00   0.000000E+00   0.000000E+00   7.418615E+09   3.335707E+06   0.000000E+00   0.000000E+00   3.760683E+08   9.318373E+04   0.000000E+00   0.000000E+00   2.385815E+09   5.867601E+05   1.172670E+10   4.105764E+06
