   TS TIME STEP (hrs)    STORAGE          RATE         CONST HD         RATE          WELL            RATE         DRAIN            RATE        RECHARGE          RATE           ET             RATE          RIVER           RATE        HD DEP BND        RATE         STREAM           RATE          TOTAL           RATE     
    1   3.000000E+01   1.789237E+07   5.964124E+05   0.000000E+00   0.000000E+00   0.000000E+00   0.000000E+00   0.000000E+00   0.000000E+00   2.268507E+07   7.561690E+05   0.000000E+00   0.000000E+00   3.658662E+06   1.219554E+05   0.000000E+00   0.000000E+00   2.175140E+07   7.250468E+05   6.598751E+07   2.199584E+06
    2   3.000000E+01   3.079190E+07   4.299842E+05   0.000000E+00   0.000000E+00   0.000000E+00   0.000000E+00   0.000000E+00   0.000000E+00   4.537014E+07   7.561690E+05   0.000000E+00   0.000000E+00   7.163357E+06   1.168232E+05   0.000000E+00   0.000000E+00   4.346494E+07   7.237846E+05   1.267903E+08   2.026761E+06
    3   3.000000E+01   4.127704E+07   3.495049E+05   0.000000E+00   0.000000E+00   0.000000E+00   0.000000E+00   0.000000E+00   0.000000E+00   6.805521E+07   7.561690E+05   0.000000E+00   0.000000E+00   1.073995E+07   1.192198E+05   0.000000E+00   0.000000E+00   6.519128E+07   7.242112E+05   1.852635E+08   1.949105E+06
    4   3.000000E+01   5.027406E+07   2.999007E+05   0.000000E+00   0.000000E+00   0.000000E+00   0.000000E+00   0.000000E+00   0.000000E+00   9.074028E+07   7.561690E+05   0.000000E+00   0.000000E+00   1.435777E+07   1.205938E+05   0.000000E+00   0.000000E+00   8.695476E+07   7.254494E+05   2.423269E+08   1.902113E+06
    5   3.000000E+01   5.828450E+07   2.670148E+05   0.000000E+00   0.000000E+00   0.000000E+00   0.000000E+00   0.000000E+00   0.000000E+00   1.134254E+08   7.561690E+05   0.000000E+00   0.000000E+00   1.800011E+07   1.214115E+05   0.000000E+00   0.000000E+00   1.087506E+08   7.265288E+05   2.984606E+08   1.871124E+06
    6   3.000000E+01   6.561045E+07   2.441982E+05   0.000000E+00   0.000000E+00   0.000000E+00   0.000000E+00   0.000000E+00   0.000000E+00   1.361104E+08   7.561690E+05   0.000000E+00   0.000000E+00   2.165779E+07   1.219228E+05   0.000000E+00   0.000000E+00   1.305819E+08   7.277102E+05   3.539606E+08   1.850000E+06
    7   3.000000E+01   7.244554E+07   2.278361E+05   0.000000E+00   0.000000E+00   0.000000E+00   0.000000E+00   0.000000E+00   0.000000E+00   1.587955E+08   7.561690E+05   0.000000E+00   0.000000E+00   2.532559E+07   1.222600E+05   0.000000E+00   0.000000E+00   1.524334E+08   7.283823E+05   4.090000E+08   1.834647E+06
    8   3.000000E+01   1.043293E+08   1.062792E+06   0.000000E+00   0.000000E+00   0.000000E+00   0.000000E+00   0.000000E+00   0.000000E+00   2.591319E+08   3.344547E+06   0.000000E+00   0.000000E+00   2.857472E+07   1.083042E+05   0.000000E+00   0.000000E+00   1.722536E+08   6.606724E+05   5.642895E+08   5.176316E+06
    9   3.000000E+01   1.260295E+08   7.233414E+05   0.000000E+00   0.000000E+00   0.000000E+00   0.000000E+00   0.000000E+00   0.000000E+00   3.594683E+08   3.344547E+06   0.000000E+00   0.000000E+00   3.166527E+07   1.030185E+05   0.000000E+00   0.000000E+00   1.926650E+08   6.803798E+05   7.098281E+08   4.851287E+06
   10   3.000000E+01   1.427224E+08   5.564270E+05   0.000000E+00   0.000000E+00   0.000000E+00   0.000000E+00   0.000000E+00   0.000000E+00   4.598047E+08   3.344547E+06   0.000000E+00   0.000000E+00   3.468807E+07   1.007599E+05   0.000000E+00   0.000000E+00   2.132508E+08   6.861961E+05   8.504660E+08   4.687930E+06
   11   3.000000E+01   1.563447E+08   4.540780E+05   0.000000E+00   0.000000E+00   0.000000E+00   0.000000E+00   0.000000E+00   0.000000E+00   5.601411E+08   3.344547E+06   0.000000E+00   0.000000E+00   3.767505E+07   9.956595E+04   0.000000E+00   0.000000E+00   2.340195E+08   6.922880E+05   9.881804E+08   4.590479E+06
   12   3.000000E+01   1.679667E+08   3.874002E+05   0.000000E+00   0.000000E+00   0.000000E+00   0.000000E+00   0.000000E+00   0.000000E+00   6.604775E+08   3.344547E+06   0.000000E+00   0.000000E+00   4.064382E+07   9.895893E+04   0.000000E+00   0.000000E+00   2.548717E+08   6.950733E+05   1.123960E+09   4.525980E+06
   13   3.000000E+01   1.975803E+08   9.871207E+05   0.000000E+00   0.000000E+00   0.000000E+00   0.000000E+00   0.000000E+00   0.000000E+00   6.831626E+08   7.561690E+05   0.000000E+00   0.000000E+00   4.379853E+07   1.051570E+05   0.000000E+00   0.000000E+00   2.767841E+08   7.304128E+05   1.201325E+09   2.578860E+06
   14   3.000000E+01   2.169138E+08   6.444514E+05   0.000000E+00   0.000000E+00   0.000000E+00   0.000000E+00   0.000000E+00   0.000000E+00   7.058476E+08   7.561690E+05   0.000000E+00   0.000000E+00   4.717702E+07   1.126162E+05   0.000000E+00   0.000000E+00   2.986896E+08   7.301839E+05   1.268628E+09   2.243421E+06
   15   3.000000E+01   2.310313E+08   4.705822E+05   0.000000E+00   0.000000E+00   0.000000E+00   0.000000E+00   0.000000E+00   0.000000E+00   7.285327E+08   7.561690E+05   0.000000E+00   0.000000E+00   5.071626E+07   1.179750E+05   0.000000E+00   0.000000E+00   3.206276E+08   7.312658E+05   1.330908E+09   2.075992E+06
   16   3.000000E+01   2.419907E+08   3.653130E+05   0.000000E+00   0.000000E+00   0.000000E+00   0.000000E+00   0.000000E+00   0.000000E+00   7.512177E+08   7.561690E+05   0.000000E+00   0.000000E+00   5.434713E+07   1.210288E+05   0.000000E+00   0.000000E+00   3.425786E+08   7.317014E+05   1.390134E+09   1.974212E+06
   17   3.000000E+01   2.509038E+08   2.971030E+05   0.000000E+00   0.000000E+00   0.000000E+00   0.000000E+00   0.000000E+00   0.000000E+00   7.739028E+08   7.561690E+05   0.000000E+00   0.000000E+00   5.803040E+07   1.227756E+05   0.000000E+00   0.000000E+00   3.645314E+08   7.317585E+05   1.447368E+09   1.907806E+06
   18   3.000000E+01   2.584495E+08   2.515255E+05   0.000000E+00   0.000000E+00   0.000000E+00   0.000000E+00   0.000000E+00   0.000000E+00   7.965878E+08   7.561690E+05   0.000000E+00   0.000000E+00   6.174392E+07   1.237842E+05   0.000000E+00   0.000000E+00   3.865027E+08   7.323781E+05   1.503284E+09   1.863857E+06
   19   3.000000E+01   2.650487E+08   2.199726E+05   0.000000E+00   0.000000E+00   0.000000E+00   0.000000E+00   0.000000E+00   0.000000E+00   8.192729E+08   7.561690E+05   0.000000E+00   0.000000E+00   6.547486E+07   1.243645E+05   0.000000E+00   0.000000E+00   4.084947E+08   7.330679E+05   1.558291E+09   1.833574E+06
   20   3.000000E+01   2.946499E+08   9.867042E+05   0.000000E+00   0.000000E+00   0.000000E+00   0.000000E+00   0.000000E+00   0.000000E+00   9.196093E+08   3.344547E+06   0.000000E+00   0.000000E+00   6.878819E+07   1.104447E+05   0.000000E+00   0.000000E+00   4.282545E+08   6.586581E+05   1.711302E+09   5.100354E+06
   21   3.000000E+01   3.143223E+08   6.557483E+05   0.000000E+00   0.000000E+00   0.000000E+00   0.000000E+00   0.000000E+00   0.000000E+00   1.019946E+09   3.344547E+06   0.000000E+00   0.000000E+00   7.190983E+07   1.040548E+05   0.000000E+00   0.000000E+00   4.487307E+08   6.825406E+05   1.854909E+09   4.786891E+06
   22   3.000000E+01   3.292250E+08   4.967551E+05   0.000000E+00   0.000000E+00   0.000000E+00   0.000000E+00   0.000000E+00   0.000000E+00   1.120282E+09   3.344547E+06   0.000000E+00   0.000000E+00   7.496050E+07   1.016892E+05   0.000000E+00   0.000000E+00   4.694118E+08   6.893694E+05   1.993879E+09   4.632361E+06
   23   3.000000E+01   3.412379E+08   4.004324E+05   0.000000E+00   0.000000E+00   0.000000E+00   0.000000E+00   0.000000E+00   0.000000E+00   1.220618E+09   3.344547E+06   0.000000E+00   0.000000E+00   7.797275E+07   1.004084E+05   0.000000E+00   0.000000E+00   4.902583E+08   6.948855E+05   2.130088E+09   4.540274E+06
   24   3.000000E+01   3.513766E+08   3.379569E+05   0.000000E+00   0.000000E+00   0.000000E+00   0.000000E+00   0.000000E+00   0.000000E+00   1.320955E+09   3.344547E+06   0.000000E+00   0.000000E+00   8.096437E+07   9.972053E+04   0.000000E+00   0.000000E+00   5.111836E+08   6.975088E+05   2.264479E+09   4.479733E+06
   25   3.000000E+01   3.805618E+08   9.728389E+05   0.000000E+00   0.000000E+00   0.000000E+00   0.000000E+00   0.000000E+00   0.000000E+00   1.343640E+09   7.561690E+05   0.000000E+00   0.000000E+00   8.414064E+07   1.058756E+05   0.000000E+00   0.000000E+00   5.332237E+08   7.346704E+05   2.341566E+09   2.569554E+06
   26   3.000000E+01   3.995620E+08   6.333423E+05   0.000000E+00   0.000000E+00   0.000000E+00   0.000000E+00   0.000000E+00   0.000000E+00   1.366325E+09   7.561690E+05   0.000000E+00   0.000000E+00   8.756609E+07   1.141817E+05   0.000000E+00   0.000000E+00   5.552563E+08   7.344172E+05   2.408709E+09   2.238110E+06
   27   3.000000E+01   4.133885E+08   4.608806E+05   0.000000E+00   0.000000E+00   0.000000E+00   0.000000E+00   0.000000E+00   0.000000E+00   1.389010E+09   7.561690E+05   0.000000E+00   0.000000E+00   9.115064E+07   1.194850E+05   0.000000E+00   0.000000E+00   5.773142E+08   7.352652E+05   2.470863E+09   2.071800E+06
   28   3.000000E+01   4.240672E+08   3.559586E+05   0.000000E+00   0.000000E+00   0.000000E+00   0.000000E+00   0.000000E+00   0.000000E+00   1.411695E+09   7.561690E+05   0.000000E+00   0.000000E+00   9.482500E+07   1.224787E+05   0.000000E+00   0.000000E+00   5.993797E+08   7.355151E+05   2.529967E+09   1.970121E+06
   29   3.000000E+01   4.327068E+08   2.879874E+05   0.000000E+00   0.000000E+00   0.000000E+00   0.000000E+00   0.000000E+00   0.000000E+00   1.434380E+09   7.561690E+05   0.000000E+00   0.000000E+00   9.855000E+07   1.241667E+05   0.000000E+00   0.000000E+00   6.214416E+08   7.353968E+05   2.587079E+09   1.903720E+06
   30   3.000000E+01   4.399828E+08   2.425320E+05   0.000000E+00   0.000000E+00   0.000000E+00   0.000000E+00   0.000000E+00   0.000000E+00   1.457065E+09   7.561690E+05   0.000000E+00   0.000000E+00   1.023034E+08   1.251128E+05   0.000000E+00   0.000000E+00   6.435123E+08   7.356881E+05   2.642864E+09   1.859502E+06
   31   3.000000E+01   4.463220E+08   2.113063E+05   0.000000E+00   0.000000E+00   0.000000E+00   0.000000E+00   0.000000E+00   0.000000E+00   1.479750E+09   7.561690E+05   0.000000E+00   0.000000E+00   1.060724E+08   1.256348E+05   0.000000E+00   0.000000E+00   6.655930E+08   7.360238E+05   2.697738E+09   1.829134E+06
   32   3.000000E+01   4.750739E+08   9.583969E+05   0.000000E+00   0.000000E+00   0.000000E+00   0.000000E+00   0.000000E+00   0.000000E+00   1.580087E+09   3.344547E+06   0.000000E+00   0.000000E+00   1.094218E+08   1.116473E+05   0.000000E+00   0.000000E+00   6.852945E+08   6.567194E+05   2.849877E+09   5.071311E+06
   33   3.000000E+01   4.939308E+08   6.285620E+05   0.000000E+00   0.000000E+00   0.000000E+00   0.000000E+00   0.000000E+00   0.000000E+00   1.680423E+09   3.344547E+06   0.000000E+00   0.000000E+00   1.125568E+08   1.044988E+05   0.000000E+00   0.000000E+00   7.057236E+08   6.809703E+05   2.992634E+09   4.758578E+06
   34   3.000000E+01   5.080474E+08   4.705548E+05   0.000000E+00   0.000000E+00   0.000000E+00   0.000000E+00   0.000000E+00   0.000000E+00   1.780759E+09   3.344547E+06   0.000000E+00   0.000000E+00   1.156200E+08   1.021051E+05   0.000000E+00   0.000000E+00   7.264211E+08   6.899129E+05   3.130848E+09   4.607120E+06
   35   3.000000E+01   5.193123E+08   3.754962E+05   0.000000E+00   0.000000E+00   0.000000E+00   0.000000E+00   0.000000E+00   0.000000E+00   1.881096E+09   3.344547E+06   0.000000E+00   0.000000E+00   1.186439E+08   1.007980E+05   0.000000E+00   0.000000E+00   7.472985E+08   6.959156E+05   3.266351E+09   4.516757E+06
   36   3.000000E+01   5.287276E+08   3.138444E+05   0.000000E+00   0.000000E+00   0.000000E+00   0.000000E+00   0.000000E+00   0.000000E+00   1.981432E+09   3.344547E+06   0.000000E+00   0.000000E+00   1.216466E+08   1.000885E+05   0.000000E+00   0.000000E+00   7.682631E+08   6.988197E+05   3.400070E+09   4.457300E+06
   37   3.000000E+01   5.575965E+08   9.622963E+05   0.000000E+00   0.000000E+00   0.000000E+00   0.000000E+00   0.000000E+00   0.000000E+00   2.004117E+09   7.561690E+05   0.000000E+00   0.000000E+00   1.248336E+08   1.062344E+05   0.000000E+00   0.000000E+00   7.903811E+08   7.372646E+05   3.476929E+09   2.561964E+06
   38   3.000000E+01   5.763340E+08   6.245803E+05   0.000000E+00   0.000000E+00   0.000000E+00   0.000000E+00   0.000000E+00   0.000000E+00   2.026802E+09   7.561690E+05   0.000000E+00   0.000000E+00   1.282852E+08   1.150550E+05   0.000000E+00   0.000000E+00   8.124890E+08   7.369324E+05   3.543910E+09   2.232737E+06
   39   3.000000E+01   5.899252E+08   4.530427E+05   0.000000E+00   0.000000E+00   0.000000E+00   0.000000E+00   0.000000E+00   0.000000E+00   2.049487E+09   7.561690E+05   0.000000E+00   0.000000E+00   1.318951E+08   1.203290E+05   0.000000E+00   0.000000E+00   8.346190E+08   7.376672E+05   3.605927E+09   2.067208E+06
   40   3.000000E+01   6.003975E+08   3.490750E+05   0.000000E+00   0.000000E+00   0.000000E+00   0.000000E+00   0.000000E+00   0.000000E+00   2.072172E+09   7.561690E+05   0.000000E+00   0.000000E+00   1.355938E+08   1.232907E+05   0.000000E+00   0.000000E+00   8.567440E+08   7.374993E+05   3.664908E+09   1.966034E+06
   41   3.000000E+01   6.088538E+08   2.818749E+05   0.000000E+00   0.000000E+00   0.000000E+00   0.000000E+00   0.000000E+00   0.000000E+00   2.094857E+09   7.561690E+05   0.000000E+00   0.000000E+00   1.393422E+08   1.249449E+05   0.000000E+00   0.000000E+00   8.788532E+08   7.369722E+05   3.721907E+09   1.899961E+06
   42   3.000000E+01   6.159700E+08   2.372081E+05   0.000000E+00   0.000000E+00   0.000000E+00   0.000000E+00   0.000000E+00   0.000000E+00   2.117543E+09   7.561690E+05   0.000000E+00   0.000000E+00   1.431180E+08   1.258601E+05   0.000000E+00   0.000000E+00   9.009596E+08   7.368811E+05   3.777590E+09   1.856118E+06
   43   3.000000E+01   6.221621E+08   2.064050E+05   0.000000E+00   0.000000E+00   0.000000E+00   0.000000E+00   0.000000E+00   0.000000E+00   2.140228E+09   7.561690E+05   0.000000E+00   0.000000E+00   1.469086E+08   1.263534E+05   0.000000E+00   0.000000E+00   9.230724E+08   7.370919E+05   3.832371E+09   1.826019E+06
   44   3.000000E+01   6.504866E+08   9.441494E+05   0.000000E+00   0.000000E+00   0.000000E+00   0.000000E+00   0.000000E+00   0.000000E+00   2.240564E+09   3.344547E+06   0.000000E+00   0.000000E+00   1.502787E+08   1.123349E+05   0.000000E+00   0.000000E+00   9.427317E+08   6.553114E+05   3.984061E+09   5.056343E+06
   45   3.000000E+01   6.688842E+08   6.132536E+05   0.000000E+00   0.000000E+00   0.000000E+00   0.000000E+00   0.000000E+00   0.000000E+00   2.340900E+09   3.344547E+06   0.000000E+00   0.000000E+00   1.534209E+08   1.047417E+05   0.000000E+00   0.000000E+00   9.631164E+08   6.794878E+05   4.126322E+09   4.742030E+06
   46   3.000000E+01   6.825502E+08   4.555338E+05   0.000000E+00   0.000000E+00   0.000000E+00   0.000000E+00   0.000000E+00   0.000000E+00   2.441237E+09   3.344547E+06   0.000000E+00   0.000000E+00   1.564910E+08   1.023371E+05   0.000000E+00   0.000000E+00   9.838239E+08   6.902532E+05   4.264102E+09   4.592671E+06
   47   3.000000E+01   6.933846E+08   3.611488E+05   0.000000E+00   0.000000E+00   0.000000E+00   0.000000E+00   0.000000E+00   0.000000E+00   2.541573E+09   3.344547E+06   0.000000E+00   0.000000E+00   1.595215E+08   1.010153E+05   0.000000E+00   0.000000E+00   1.004709E+09   6.961619E+05   4.399188E+09   4.502873E+06
   48   3.000000E+01   7.023819E+08   2.999078E+05   0.000000E+00   0.000000E+00   0.000000E+00   0.000000E+00   0.000000E+00   0.000000E+00   2.641910E+09   3.344547E+06   0.000000E+00   0.000000E+00   1.625303E+08   1.002947E+05   0.000000E+00   0.000000E+00   1.025685E+09   6.992099E+05   4.532507E+09   4.443960E+06
   49   3.000000E+01   7.310367E+08   9.551601E+05   0.000000E+00   0.000000E+00   0.000000E+00   0.000000E+00   0.000000E+00   0.000000E+00   2.664595E+09   7.561690E+05   0.000000E+00   0.000000E+00   1.657236E+08   1.064434E+05   0.000000E+00   0.000000E+00   1.047853E+09   7.389374E+05   4.609208E+09   2.556710E+06
   50   3.000000E+01   7.495896E+08   6.184307E+05   0.000000E+00   0.000000E+00   0.000000E+00   0.000000E+00   0.000000E+00   0.000000E+00   2.687280E+09   7.561690E+05   0.000000E+00   0.000000E+00   1.691911E+08   1.155813E+05   0.000000E+00   0.000000E+00   1.070009E+09   7.385415E+05   4.676070E+09   2.228723E+06
   51   3.000000E+01   7.630201E+08   4.476844E+05   0.000000E+00   0.000000E+00   0.000000E+00   0.000000E+00   0.000000E+00   0.000000E+00   2.709965E+09   7.561690E+05   0.000000E+00   0.000000E+00   1.728163E+08   1.208405E+05   0.000000E+00   0.000000E+00   1.092176E+09   7.388961E+05   4.737978E+09   2.063590E+06
   52   3.000000E+01   7.733510E+08   3.443622E+05   0.000000E+00   0.000000E+00   0.000000E+00   0.000000E+00   0.000000E+00   0.000000E+00   2.732650E+09   7.561690E+05   0.000000E+00   0.000000E+00   1.765297E+08   1.237812E+05   0.000000E+00   0.000000E+00   1.114330E+09   7.384426E+05   4.796860E+09   1.962755E+06
   53   3.000000E+01   7.816797E+08   2.776262E+05   0.000000E+00   0.000000E+00   0.000000E+00   0.000000E+00   0.000000E+00   0.000000E+00   2.755335E+09   7.561690E+05   0.000000E+00   0.000000E+00   1.802923E+08   1.254177E+05   0.000000E+00   0.000000E+00   1.136467E+09   7.378975E+05   4.853774E+09   1.897110E+06
   54   3.000000E+01   7.886781E+08   2.332798E+05   0.000000E+00   0.000000E+00   0.000000E+00   0.000000E+00   0.000000E+00   0.000000E+00   2.778021E+09   7.561690E+05   0.000000E+00   0.000000E+00   1.840818E+08   1.263175E+05   0.000000E+00   0.000000E+00   1.158595E+09   7.376170E+05   4.909375E+09   1.853383E+06
   55   3.000000E+01   7.947624E+08   2.028103E+05   0.000000E+00   0.000000E+00   0.000000E+00   0.000000E+00   0.000000E+00   0.000000E+00   2.800706E+09   7.561690E+05   0.000000E+00   0.000000E+00   1.878856E+08   1.267931E+05   0.000000E+00   0.000000E+00   1.180730E+09   7.378209E+05   4.964084E+09   1.823593E+06
   56   3.000000E+01   8.228559E+08   9.364492E+05   0.000000E+00   0.000000E+00   0.000000E+00   0.000000E+00   0.000000E+00   0.000000E+00   2.901042E+09   3.344547E+06   0.000000E+00   0.000000E+00   1.912683E+08   1.127589E+05   0.000000E+00   0.000000E+00   1.200358E+09   6.542848E+05   5.115525E+09   5.048040E+06
   57   3.000000E+01   8.410018E+08   6.048624E+05   0.000000E+00   0.000000E+00   0.000000E+00   0.000000E+00   0.000000E+00   0.000000E+00   3.001379E+09   3.344547E+06   0.000000E+00   0.000000E+00   1.944153E+08   1.048982E+05   0.000000E+00   0.000000E+00   1.220711E+09   6.784341E+05   5.257507E+09   4.732742E+06
   58   3.000000E+01   8.544013E+08   4.466493E+05   0.000000E+00   0.000000E+00   0.000000E+00   0.000000E+00   0.000000E+00   0.000000E+00   3.101715E+09   3.344547E+06   0.000000E+00   0.000000E+00   1.974896E+08   1.024779E+05   0.000000E+00   0.000000E+00   1.241429E+09   6.905805E+05   5.395035E+09   4.584255E+06
   59   3.000000E+01   8.649750E+08   3.524595E+05   0.000000E+00   0.000000E+00   0.000000E+00   0.000000E+00   0.000000E+00   0.000000E+00   3.202051E+09   3.344547E+06   0.000000E+00   0.000000E+00   2.005241E+08   1.011512E+05   0.000000E+00   0.000000E+00   1.262321E+09   6.963923E+05   5.529871E+09   4.494550E+06
   60   3.000000E+01   8.737151E+08   2.913368E+05   0.000000E+00   0.000000E+00   0.000000E+00   0.000000E+00   0.000000E+00   0.000000E+00   3.302388E+09   3.344547E+06   0.000000E+00   0.000000E+00   2.035368E+08   1.004214E+05   0.000000E+00   0.000000E+00   1.283305E+09   6.994739E+05   5.662944E+09   4.435779E+06
   61   3.000000E+01   9.022208E+08   9.501890E+05   0.000000E+00   0.000000E+00   0.000000E+00   0.000000E+00   0.000000E+00   0.000000E+00   3.325073E+09   7.561690E+05   0.000000E+00   0.000000E+00   2.067339E+08   1.065713E+05   0.000000E+00   0.000000E+00   1.305506E+09   7.400522E+05   5.739534E+09   2.552982E+06
   62   3.000000E+01   9.206403E+08   6.139809E+05   0.000000E+00   0.000000E+00   0.000000E+00   0.000000E+00   0.000000E+00   0.000000E+00   3.347758E+09   7.561690E+05   0.000000E+00   0.000000E+00   2.102113E+08   1.159118E+05   0.000000E+00   0.000000E+00   1.327695E+09   7.396219E+05   5.806305E+09   2.225684E+06
   63   3.000000E+01   9.339576E+08   4.439101E+05   0.000000E+00   0.000000E+00   0.000000E+00   0.000000E+00   0.000000E+00   0.000000E+00   3.370443E+09   7.561690E+05   0.000000E+00   0.000000E+00   2.138461E+08   1.211595E+05   0.000000E+00   0.000000E+00   1.349882E+09   7.395609E+05   5.868129E+09   2.060800E+06
   64   3.000000E+01   9.441857E+08   3.409367E+05   0.000000E+00   0.000000E+00   0.000000E+00   0.000000E+00   0.000000E+00   0.000000E+00   3.393128E+09   7.561690E+05   0.000000E+00   0.000000E+00   2.175688E+08   1.240907E+05   0.000000E+00   0.000000E+00   1.372054E+09   7.390640E+05   5.926937E+09   1.960260E+06
   65   3.000000E+01   9.524204E+08   2.744900E+05   0.000000E+00   0.000000E+00   0.000000E+00   0.000000E+00   0.000000E+00   0.000000E+00   3.415814E+09   7.561690E+05   0.000000E+00   0.000000E+00   2.213403E+08   1.257179E+05   0.000000E+00   0.000000E+00   1.394209E+09   7.385053E+05   5.983783E+09   1.894882E+06
   66   3.000000E+01   9.593315E+08   2.303713E+05   0.000000E+00   0.000000E+00   0.000000E+00   0.000000E+00   0.000000E+00   0.000000E+00   3.438499E+09   7.561690E+05   0.000000E+00   0.000000E+00   2.251385E+08   1.266053E+05   0.000000E+00   0.000000E+00   1.416353E+09   7.381384E+05   6.039322E+09   1.851284E+06
   67   3.000000E+01   9.653362E+08   2.001554E+05   0.000000E+00   0.000000E+00   0.000000E+00   0.000000E+00   0.000000E+00   0.000000E+00   3.461184E+09   7.561690E+05   0.000000E+00   0.000000E+00   2.289506E+08   1.270709E+05   0.000000E+00   0.000000E+00   1.438502E+09   7.382994E+05   6.093973E+09   1.821695E+06
   68   3.000000E+01   9.933028E+08   9.322187E+05   0.000000E+00   0.000000E+00   0.000000E+00   0.000000E+00   0.000000E+00   0.000000E+00   3.561520E+09   3.344547E+06   0.000000E+00   0.000000E+00   2.323414E+08   1.130265E+05   0.000000E+00   0.000000E+00   1.458107E+09   6.534946E+05   6.245272E+09   5.043287E+06
   69   3.000000E+01   1.011313E+09   6.003569E+05   0.000000E+00   0.000000E+00   0.000000E+00   0.000000E+00   0.000000E+00   0.000000E+00   3.661857E+09   3.344547E+06   0.000000E+00   0.000000E+00   2.354913E+08   1.049956E+05   0.000000E+00   0.000000E+00   1.478435E+09   6.775998E+05   6.387097E+09   4.727500E+06
   70   3.000000E+01   1.024572E+09   4.419443E+05   0.000000E+00   0.000000E+00   0.000000E+00   0.000000E+00   0.000000E+00   0.000000E+00   3.762193E+09   3.344547E+06   0.000000E+00   0.000000E+00   2.385683E+08   1.025673E+05   0.000000E+00   0.000000E+00   1.499161E+09   6.908584E+05   6.524494E+09   4.579917E+06
   71   3.000000E+01   1.035000E+09   3.475997E+05   0.000000E+00   0.000000E+00   0.000000E+00   0.000000E+00   0.000000E+00   0.000000E+00   3.862530E+09   3.344547E+06   0.000000E+00   0.000000E+00   2.416054E+08   1.012362E+05   0.000000E+00   0.000000E+00   1.520058E+09   6.965804E+05   6.659193E+09   4.489964E+06
   72   3.000000E+01   1.043587E+09   2.862544E+05   0.000000E+00   0.000000E+00   0.000000E+00   0.000000E+00   0.000000E+00   0.000000E+00   3.962866E+09   3.344547E+06   0.000000E+00   0.000000E+00   2.446205E+08   1.005039E+05   0.000000E+00   0.000000E+00   1.541048E+09   6.996628E+05   6.792122E+09   4.430968E+06
   73   3.000000E+01   1.071985E+09   9.465910E+05   0.000000E+00   0.000000E+00   0.000000E+00   0.000000E+00   0.000000E+00   0.000000E+00   3.985551E+09   7.561690E+05   0.000000E+00   0.000000E+00   2.478235E+08   1.067668E+05   0.000000E+00   0.000000E+00   1.563271E+09   7.407834E+05   6.868631E+09   2.550310E+06
   74   3.000000E+01   1.090309E+09   6.108003E+05   0.000000E+00   0.000000E+00   0.000000E+00   0.000000E+00   0.000000E+00   0.000000E+00   4.008236E+09   7.561690E+05   0.000000E+00   0.000000E+00   2.513075E+08   1.161311E+05   0.000000E+00   0.000000E+00   1.585478E+09   7.402209E+05   6.935331E+09   2.223321E+06
   75   3.000000E+01   1.103540E+09   4.410171E+05   0.000000E+00   0.000000E+00   0.000000E+00   0.000000E+00   0.000000E+00   0.000000E+00   4.030921E+09   7.561690E+05   0.000000E+00   0.000000E+00   2.549486E+08   1.213716E+05   0.000000E+00   0.000000E+00   1.607678E+09   7.400060E+05   6.997088E+09   2.058564E+06
   76   3.000000E+01   1.113690E+09   3.383545E+05   0.000000E+00   0.000000E+00   0.000000E+00   0.000000E+00   0.000000E+00   0.000000E+00   4.053607E+09   7.561690E+05   0.000000E+00   0.000000E+00   2.586775E+08   1.242957E+05   0.000000E+00   0.000000E+00   1.629863E+09   7.395071E+05   7.055838E+09   1.958326E+06
   77   3.000000E+01   1.121852E+09   2.720614E+05   0.000000E+00   0.000000E+00   0.000000E+00   0.000000E+00   0.000000E+00   0.000000E+00   4.076292E+09   7.561690E+05   0.000000E+00   0.000000E+00   2.624550E+08   1.259167E+05   0.000000E+00   0.000000E+00   1.652031E+09   7.389299E+05   7.112630E+09   1.893077E+06
   78   3.000000E+01   1.128696E+09   2.281218E+05   0.000000E+00   0.000000E+00   0.000000E+00   0.000000E+00   0.000000E+00   0.000000E+00   4.098977E+09   7.561690E+05   0.000000E+00   0.000000E+00   2.662590E+08   1.268004E+05   0.000000E+00   0.000000E+00   1.674186E+09   7.384941E+05   7.168118E+09   1.849585E+06
   79   3.000000E+01   1.134639E+09   1.981172E+05   0.000000E+00   0.000000E+00   0.000000E+00   0.000000E+00   0.000000E+00   0.000000E+00   4.121662E+09   7.561690E+05   0.000000E+00   0.000000E+00   2.700769E+08   1.272620E+05   0.000000E+00   0.000000E+00   1.696345E+09   7.386352E+05   7.222724E+09   1.820183E+06
   80   3.000000E+01   1.162533E+09   9.297839E+05   0.000000E+00   0.000000E+00   0.000000E+00   0.000000E+00   0.000000E+00   0.000000E+00   4.221999E+09   3.344547E+06   0.000000E+00   0.000000E+00   2.734732E+08   1.132091E+05   0.000000E+00   0.000000E+00   1.715932E+09   6.528974E+05   7.373937E+09   5.040438E+06
   81   3.000000E+01   1.180464E+09   5.977066E+05   0.000000E+00   0.000000E+00   0.000000E+00   0.000000E+00   0.000000E+00   0.000000E+00   4.322335E+09   3.344547E+06   0.000000E+00   0.000000E+00   2.766251E+08   1.050634E+05   0.000000E+00   0.000000E+00   1.736242E+09   6.770016E+05   7.515666E+09   4.724319E+06
   82   3.000000E+01   1.193636E+09   4.390720E+05   0.000000E+00   0.000000E+00   0.000000E+00   0.000000E+00   0.000000E+00   0.000000E+00   4.422672E+09   3.344547E+06   0.000000E+00   0.000000E+00   2.797040E+08   1.026301E+05   0.000000E+00   0.000000E+00   1.756974E+09   6.910454E+05   7.652985E+09   4.577295E+06
   83   3.000000E+01   1.203975E+09   3.446464E+05   0.000000E+00   0.000000E+00   0.000000E+00   0.000000E+00   0.000000E+00   0.000000E+00   4.523009E+09   3.344547E+06   0.000000E+00   0.000000E+00   2.827428E+08   1.012964E+05   0.000000E+00   0.000000E+00   1.777875E+09   6.967179E+05   7.787602E+09   4.487208E+06
   84   3.000000E+01   1.212471E+09   2.831857E+05   0.000000E+00   0.000000E+00   0.000000E+00   0.000000E+00   0.000000E+00   0.000000E+00   4.623345E+09   3.344547E+06   0.000000E+00   0.000000E+00   2.857597E+08   1.005624E+05   0.000000E+00   0.000000E+00   1.798869E+09   6.998056E+05   7.920445E+09   4.428101E+06
   85   3.000000E+01   1.240789E+09   9.439406E+05   0.000000E+00   0.000000E+00   0.000000E+00   0.000000E+00   0.000000E+00   0.000000E+00   4.646030E+09   7.561690E+05   0.000000E+00   0.000000E+00   2.889672E+08   1.069170E+05   0.000000E+00   0.000000E+00   1.821108E+09   7.413081E+05   7.996895E+09   2.548335E+06
   86   3.000000E+01   1.259043E+09   6.084578E+05   0.000000E+00   0.000000E+00   0.000000E+00   0.000000E+00   0.000000E+00   0.000000E+00   4.668716E+09   7.561690E+05   0.000000E+00   0.000000E+00   2.924556E+08   1.162801E+05   0.000000E+00   0.000000E+00   1.843325E+09   7.405487E+05   8.063539E+09   2.221456E+06
   87   3.000000E+01   1.272208E+09   4.388529E+05   0.000000E+00   0.000000E+00   0.000000E+00   0.000000E+00   0.000000E+00   0.000000E+00   4.691401E+09   7.561690E+05   0.000000E+00   0.000000E+00   2.961012E+08   1.215170E+05   0.000000E+00   0.000000E+00   1.865535E+09   7.403503E+05   8.125246E+09   2.056889E+06
   88   3.000000E+01   1.282298E+09   3.363304E+05   0.000000E+00   0.000000E+00   0.000000E+00   0.000000E+00   0.000000E+00   0.000000E+00   4.714086E+09   7.561690E+05   0.000000E+00   0.000000E+00   2.998343E+08   1.244387E+05   0.000000E+00   0.000000E+00   1.887731E+09   7.398600E+05   8.183950E+09   1.956798E+06
   89   3.000000E+01   1.290404E+09   2.701969E+05   0.000000E+00   0.000000E+00   0.000000E+00   0.000000E+00   0.000000E+00   0.000000E+00   4.736771E+09   7.561690E+05   0.000000E+00   0.000000E+00   3.036159E+08   1.260547E+05   0.000000E+00   0.000000E+00   1.909909E+09   7.392623E+05   8.240700E+09   1.891683E+06
   90   3.000000E+01   1.297196E+09   2.264060E+05   0.000000E+00   0.000000E+00   0.000000E+00   0.000000E+00   0.000000E+00   0.000000E+00   4.759456E+09   7.561690E+05   0.000000E+00   0.000000E+00   3.074239E+08   1.269326E+05   0.000000E+00   0.000000E+00   1.932072E+09   7.387473E+05   8.296148E+09   1.848255E+06
   91   3.000000E+01   1.303091E+09   1.965062E+05   0.000000E+00   0.000000E+00   0.000000E+00   0.000000E+00   0.000000E+00   0.000000E+00   4.782141E+09   7.561690E+05   0.000000E+00   0.000000E+00   3.112456E+08   1.273909E+05   0.000000E+00   0.000000E+00   1.954238E+09   7.388711E+05   8.350716E+09   1.818937E+06
   92   3.000000E+01   1.330939E+09   9.282527E+05   0.000000E+00   0.000000E+00   0.000000E+00   0.000000E+00   0.000000E+00   0.000000E+00   4.882478E+09   3.344547E+06   0.000000E+00   0.000000E+00   3.146457E+08   1.133355E+05   0.000000E+00   0.000000E+00   1.973810E+09   6.523932E+05   8.501873E+09   5.038529E+06
   93   3.000000E+01   1.348820E+09   5.960266E+05   0.000000E+00   0.000000E+00   0.000000E+00   0.000000E+00   0.000000E+00   0.000000E+00   4.982815E+09   3.344547E+06   0.000000E+00   0.000000E+00   3.177990E+08   1.051091E+05   0.000000E+00   0.000000E+00   1.994103E+09   6.764548E+05   8.643537E+09   4.722138E+06
   94   3.000000E+01   1.361936E+09   4.372042E+05   0.000000E+00   0.000000E+00   0.000000E+00   0.000000E+00   0.000000E+00   0.000000E+00   5.083151E+09   3.344547E+06   0.000000E+00   0.000000E+00   3.208791E+08   1.026712E+05   0.000000E+00   0.000000E+00   2.014840E+09   6.912089E+05   8.780806E+09   4.575631E+06
   95   3.000000E+01   1.372218E+09   3.427191E+05   0.000000E+00   0.000000E+00   0.000000E+00   0.000000E+00   0.000000E+00   0.000000E+00   5.183488E+09   3.344547E+06   0.000000E+00   0.000000E+00   3.239192E+08   1.013363E+05   0.000000E+00   0.000000E+00   2.035745E+09   6.968463E+05   8.915370E+09   4.485449E+06
   96   3.000000E+01   1.380652E+09   2.811313E+05   0.000000E+00   0.000000E+00   0.000000E+00   0.000000E+00   0.000000E+00   0.000000E+00   5.283825E+09   3.344547E+06   0.000000E+00   0.000000E+00   3.269372E+08   1.006009E+05   0.000000E+00   0.000000E+00   2.056742E+09   6.999133E+05   9.048156E+09   4.426193E+06
   97   3.000000E+01   1.408908E+09   9.418721E+05   0.000000E+00   0.000000E+00   0.000000E+00   0.000000E+00   0.000000E+00   0.000000E+00   5.306510E+09   7.561690E+05   0.000000E+00   0.000000E+00   3.301479E+08   1.070228E+05   0.000000E+00   0.000000E+00   2.078993E+09   7.417043E+05   9.124559E+09   2.546768E+06
   98   3.000000E+01   1.427106E+09   6.066115E+05   0.000000E+00   0.000000E+00   0.000000E+00   0.000000E+00   0.000000E+00   0.000000E+00   5.329195E+09   7.561690E+05   0.000000E+00   0.000000E+00   3.336394E+08   1.163838E+05   0.000000E+00   0.000000E+00   2.101218E+09   7.408156E+05   9.191159E+09   2.219980E+06
   99   3.000000E+01   1.440220E+09   4.371392E+05   0.000000E+00   0.000000E+00   0.000000E+00   0.000000E+00   0.000000E+00   0.000000E+00   5.351880E+09   7.561690E+05   0.000000E+00   0.000000E+00   3.372881E+08   1.216208E+05   0.000000E+00   0.000000E+00   2.123436E+09   7.405851E+05   9.252824E+09   2.055514E+06
  100   3.000000E+01   1.450263E+09   3.347755E+05   0.000000E+00   0.000000E+00   0.000000E+00   0.000000E+00   0.000000E+00   0.000000E+00   5.374565E+09   7.561690E+05   0.000000E+00   0.000000E+00   3.410242E+08   1.245373E+05   0.000000E+00   0.000000E+00   2.145638E+09   7.400971E+05   9.311491E+09   1.955579E+06
  101   3.000000E+01   1.458324E+09   2.686953E+05   0.000000E+00   0.000000E+00   0.000000E+00   0.000000E+00   0.000000E+00   0.000000E+00   5.397251E+09   7.561690E+05   0.000000E+00   0.000000E+00   3.448088E+08   1.261529E+05   0.000000E+00   0.000000E+00   2.167823E+09   7.394911E+05   9.368206E+09   1.890508E+06
  102   3.000000E+01   1.465074E+09   2.250037E+05   0.000000E+00   0.000000E+00   0.000000E+00   0.000000E+00   0.000000E+00   0.000000E+00   5.419936E+09   7.561690E+05   0.000000E+00   0.000000E+00   3.486196E+08   1.270289E+05   0.000000E+00   0.000000E+00   2.189992E+09   7.389519E+05   9.423621E+09   1.847154E+06
  103   3.000000E+01   1.470932E+09   1.952480E+05   0.000000E+00   0.000000E+00   0.000000E+00   0.000000E+00   0.000000E+00   0.000000E+00   5.442621E+09   7.561690E+05   0.000000E+00   0.000000E+00   3.524441E+08   1.274811E+05   0.000000E+00   0.000000E+00   2.212164E+09   7.390615E+05   9.478160E+09   1.817960E+06
  104   3.000000E+01   1.498749E+09   9.272302E+05   0.000000E+00   0.000000E+00   0.000000E+00   0.000000E+00   0.000000E+00   0.000000E+00   5.542958E+09   3.344547E+06   0.000000E+00   0.000000E+00   3.558468E+08   1.134241E+05   0.000000E+00   0.000000E+00   2.231724E+09   6.519971E+05   9.629276E+09   5.037199E+06
  105   3.000000E+01   1.516595E+09   5.948796E+05   0.000000E+00   0.000000E+00   0.000000E+00   0.000000E+00   0.000000E+00   0.000000E+00   5.643294E+09   3.344547E+06   0.000000E+00   0.000000E+00   3.590011E+08   1.051410E+05   0.000000E+00   0.000000E+00   2.252005E+09   6.760528E+05   9.770895E+09   4.720621E+06
  106   3.000000E+01   1.529674E+09   4.359728E+05   0.000000E+00   0.000000E+00   0.000000E+00   0.000000E+00   0.000000E+00   0.000000E+00   5.743631E+09   3.344547E+06   0.000000E+00   0.000000E+00   3.620821E+08   1.027033E+05   0.000000E+00   0.000000E+00   2.272741E+09   6.911844E+05   9.908128E+09   4.574408E+06
  107   3.000000E+01   1.539916E+09   3.413783E+05   0.000000E+00   0.000000E+00   0.000000E+00   0.000000E+00   0.000000E+00   0.000000E+00   5.843967E+09   3.344547E+06   0.000000E+00   0.000000E+00   3.651231E+08   1.013658E+05   0.000000E+00   0.000000E+00   2.293648E+09   6.969199E+05   1.004265E+10   4.484211E+06
  108   3.000000E+01   1.548308E+09   2.797434E+05   0.000000E+00   0.000000E+00   0.000000E+00   0.000000E+00   0.000000E+00   0.000000E+00   5.944304E+09   3.344547E+06   0.000000E+00   0.000000E+00   3.681421E+08   1.006324E+05   0.000000E+00   0.000000E+00   2.314648E+09   6.999961E+05   1.017540E+10   4.424919E+06
  109   3.000000E+01   1.576514E+09   9.401936E+05   0.000000E+00   0.000000E+00   0.000000E+00   0.000000E+00   0.000000E+00   0.000000E+00   5.966989E+09   7.561690E+05   0.000000E+00   0.000000E+00   3.713552E+08   1.071042E+05   0.000000E+00   0.000000E+00   2.336908E+09   7.419980E+05   1.025177E+10   2.545465E+06
  110   3.000000E+01   1.594667E+09   6.051139E+05   0.000000E+00   0.000000E+00   0.000000E+00   0.000000E+00   0.000000E+00   0.000000E+00   5.989674E+09   7.561690E+05   0.000000E+00   0.000000E+00   3.748491E+08   1.164639E+05   0.000000E+00   0.000000E+00   2.359139E+09   7.410213E+05   1.031833E+10   2.218768E+06
  111   3.000000E+01   1.607739E+09   4.357197E+05   0.000000E+00   0.000000E+00   0.000000E+00   0.000000E+00   0.000000E+00   0.000000E+00   6.012360E+09   7.561690E+05   0.000000E+00   0.000000E+00   3.785001E+08   1.216982E+05   0.000000E+00   0.000000E+00   2.381363E+09   7.408098E+05   1.037996E+10   2.054397E+06
  112   3.000000E+01   1.617743E+09   3.334621E+05   0.000000E+00   0.000000E+00   0.000000E+00   0.000000E+00   0.000000E+00   0.000000E+00   6.035045E+09   7.561690E+05   0.000000E+00   0.000000E+00   3.822385E+08   1.246141E+05   0.000000E+00   0.000000E+00   2.403572E+09   7.402928E+05   1.043860E+10   1.954538E+06
  113   3.000000E+01   1.625768E+09   2.675064E+05   0.000000E+00   0.000000E+00   0.000000E+00   0.000000E+00   0.000000E+00   0.000000E+00   6.057730E+09   7.561690E+05   0.000000E+00   0.000000E+00   3.860252E+08   1.262246E+05   0.000000E+00   0.000000E+00   2.425762E+09   7.396807E+05   1.049529E+10   1.889581E+06
  114   3.000000E+01   1.632485E+09   2.238931E+05   0.000000E+00   0.000000E+00   0.000000E+00   0.000000E+00   0.000000E+00   0.000000E+00   6.080415E+09   7.561690E+05   0.000000E+00   0.000000E+00   3.898382E+08   1.270991E+05   0.000000E+00   0.000000E+00   2.447936E+09   7.391444E+05   1.055067E+10   1.846306E+06
  115   3.000000E+01   1.638310E+09   1.941856E+05   0.000000E+00   0.000000E+00   0.000000E+00   0.000000E+00   0.000000E+00   0.000000E+00   6.103100E+09   7.561690E+05   0.000000E+00   0.000000E+00   3.936648E+08   1.275536E+05   0.000000E+00   0.000000E+00   2.470111E+09   7.391714E+05   1.060519E+10   1.817080E+06
  116   3.000000E+01   1.666107E+09   9.265464E+05   0.000000E+00   0.000000E+00   0.000000E+00   0.000000E+00   0.000000E+00   0.000000E+00   6.203437E+09   3.344547E+06   0.000000E+00   0.000000E+00   3.970696E+08   1.134909E+05   0.000000E+00   0.000000E+00   2.489660E+09   6.516264E+05   1.075627E+10   5.036211E+06
  117   3.000000E+01   1.683929E+09   5.940792E+05   0.000000E+00   0.000000E+00   0.000000E+00   0.000000E+00   0.000000E+00   0.000000E+00   6.303774E+09   3.344547E+06   0.000000E+00   0.000000E+00   4.002246E+08   1.051667E+05   0.000000E+00   0.000000E+00   2.509931E+09   6.756859E+05   1.089786E+10   4.719479E+06
  118   3.000000E+01   1.696983E+09   4.351196E+05   0.000000E+00   0.000000E+00   0.000000E+00   0.000000E+00   0.000000E+00   0.000000E+00   6.404110E+09   3.344547E+06   0.000000E+00   0.000000E+00   4.033063E+08   1.027247E+05   0.000000E+00   0.000000E+00   2.530658E+09   6.909089E+05   1.103506E+10   4.573300E+06
  119   3.000000E+01   1.707195E+09   3.404275E+05   0.000000E+00   0.000000E+00   0.000000E+00   0.000000E+00   0.000000E+00   0.000000E+00   6.504447E+09   3.344547E+06   0.000000E+00   0.000000E+00   4.063480E+08   1.013896E+05   0.000000E+00   0.000000E+00   2.551567E+09   6.969644E+05   1.116956E+10   4.483329E+06
  120   3.000000E+01   1.715557E+09   2.787334E+05   0.000000E+00   0.000000E+00   0.000000E+00   0.000000E+00   0.000000E+00   0.000000E+00   6.604784E+09   3.344547E+06   0.000000E+00   0.000000E+00   4.093677E+08   1.006563E+05   0.000000E+00   0.000000E+00   2.572569E+09   7.000718E+05   1.130228E+10   4.424009E+06
